2021-05-25 00:03:16,,2021-05-25 00:03:00,2021-05-25 18:00:00,0,공사 ,마른내로 명보사거리 호텔피제이앞 1차로 주의운전 도로공사 -,126.9952346,37.5642334
2021-05-25 00:04:33,,2021-05-25 00:04:00,2021-05-25 18:00:00,0,공사 ,을지로 을지로2가사거리 을지로3가역앞교차로 1차로 주의운전 시설물보수 -,126.9893655,37.5659169
2021-05-25 00:14:08,,2021-05-25 00:14:00,2021-05-25 18:00:00,0,공사 ,장충단로 장충체육관앞 남산2호터널입구교차로 1차로 주의운전 시설물보수 -,127.0054048,37.5580544
2021-05-25 00:14:36,,2021-05-25 00:10:17,2021-05-25 03:15:56,0,공사 ,중앙선(0550) (2,3차로)노면보수작업중 [고속도로]중앙선(0550) (2,3차로)노면보수작업중,128.9814,35.237
2021-05-25 00:27:47,,2021-05-25 00:27:00,2021-05-25 18:00:00,0,공사 ,장충단로 남산2호터널입구교차로 남산2호터널입구 1차로 주의운전 시설물보수 -,127.004045,37.5555839
2021-05-25 02:04:52,,2021-05-25 02:01:58,2021-05-25 05:06:01,0,공사 ,남해선(순천-부산)(0100) (진출로1차로)노면보수작업중 [고속도로]남해선(순천-부산)(0100) (진출로1차로)노면보수작업중,128.7919,35.2212
2021-05-25 04:50:38,,2021-05-25 00:00:00,2021-05-25 23:59:00,0,공사 ,창경궁로 원남R 창덕궁R 진행방향 전체차로 주의운전 시설물보수 -,126.997971047124,37.582294355704
2021-05-25 05:25:26,,2021-05-25 05:24:00,2021-05-25 05:54:00,1,사고 ,계족로 동춘당 네거리 비래가양공원 네거리 1차로 차대 차 전복 사고 교통사고 -,127.4288809,36.3715298
2021-05-25 05:30:30,1544,2021-05-25 05:24:02,2021-05-25 05:54:00,1,사고 ,계족로 동춘당 네거리 비래가양공원 네거리 1차로 차대 차 전복 사고 교통사고 -,127.4288809,36.3715298
2021-05-25 05:48:33,,2021-05-25 05:48:00,2021-05-25 06:18:00,2,기상 ,서해안고속도로 복교1교 동군산IC 1차로 0km(군산IC방향) 주의운전 강우 -,126.8339613,35.9440998
2021-05-25 05:51:34,,2021-05-25 05:51:00,2021-05-25 06:21:00,2,기상 ,구리포천고속도로 소흘분기점 소흘IC 1차로 0km(소흘IC방향) 주의운전 강우 -,127.138509962652,37.812633233401
2021-05-25 06:22:29,,2021-05-25 06:22:00,2021-05-25 18:00:00,0,공사 ,화중로 고양경찰서앞교차로 고양포돌이안전도서관 1차로 주의운전 도로공사 -,126.8284394,37.6275965
2021-05-25 06:27:59,,2021-05-25 06:27:00,2021-05-25 18:00:00,0,공사 ,과천대로 안양시동안구과천시 갈현동3214 1차로 주의운전 하수관거 작업 -,126.979953,37.4091533
2021-05-25 06:37:32,,2021-05-25 06:37:00,2021-05-25 18:00:00,0,공사 ,경춘로 미금유선방송 금곡사거리 1차로 주의운전 도로공사 -,127.205296,37.6328003
2021-05-25 06:40:30,,2021-05-25 06:34:28,2021-05-25 09:42:10,0,공사 ,중부내륙선(0450) (1차로)응력완화줄눈설치작업중 [고속도로]중부내륙선(0450) (1차로)응력완화줄눈설치작업중,128.2332,36.3537
2021-05-25 06:43:10,,2021-05-25 06:43:00,2021-05-25 18:00:00,0,공사 ,추천길 추천대교 남양어린이집 1차로 주의운전 도로공사 -,127.1076301,35.849152
2021-05-25 06:51:29,,2021-05-25 06:51:00,2021-05-25 18:00:00,0,공사 ,함양로 공배마을 지곡교 1차로 주의운전 도로공사 -,127.76871811503,35.5552716325719
2021-05-25 07:00:31,,2021-05-25 06:55:34,2021-05-25 10:02:11,0,공사 ,통영대전선(0351) (1차로)노면보수작업중 [고속도로]통영대전선(0351) (1차로)노면보수작업중,127.6947,35.6523
2021-05-25 07:05:10,,2021-05-25 17:00:00,2021-05-25 19:00:00,2,행사 ,국회대로 더민주당사앞   4차로 집회 집회 서울청,126.918904724248,37.5301726926147
2021-05-25 07:07:00,,2021-05-25 12:00:00,2021-05-25 17:00:00,2,행사 ,노량진로 옛 수산시장 육교 앞 3차로 집회 집회 서울청,126.941307096263,37.5136705722682
2021-05-25 07:09:11,,2021-05-25 10:30:00,2021-05-25 14:00:00,2,행사 ,도봉로180길 르노삼성차 도봉사업소 도봉역 1번출구 1차로 집회 및 행진 집회 서울청,127.047126755937,37.683237751411
2021-05-25 07:09:14,,2021-05-25 07:09:00,2021-05-25 18:00:00,0,공사 ,능곡로 능곡삼거리 대장동입구 1차로 주의운전 도로공사 -,126.819366444444,37.6276511944445
2021-05-25 07:09:40,,2021-05-25 07:09:00,2021-05-25 18:00:00,0,공사 ,일반국도1호선 석전리985 내기사거리 1차로 주의운전 도로공사 -,126.778373972222,35.0359399722222
2021-05-25 07:09:44,,2021-05-25 07:09:00,2021-05-25 07:39:00,2,통제 ,지방도1022호선 충렬로123 창조아파트 1차로 공단방면 출근시간대로 인한 정체 공사 -,129.0274559,35.3444191
2021-05-25 07:11:18,,2021-05-25 09:00:00,2021-05-27 17:00:00,0,공사 ,올림픽대로 성산대교남측 노들로237 4차로 자동차전용도로 교통안전 관리시설 유지보수공사/장소:올림픽대로 강일방향(양화대교진출 700m예고표지)/부분통제 도로공사 서울청,126.893600992118,37.5428657185706
2021-05-25 07:13:26,,2021-05-25 07:13:00,2021-05-25 18:00:00,0,공사 ,봉오대로 샬롬교회 서운사거리 4차로 주의운전 도로공사 -,126.7415726,37.5301797
2021-05-25 07:13:56,,2021-05-25 07:13:00,2021-05-25 18:00:00,0,공사 ,이태원로 호성빌딩 북한남삼거리 1차로 주의운전 도로공사 -,127.001805421519,37.5398621027828
2021-05-25 07:14:05,,2021-05-25 02:40:00,2021-05-25 10:00:00,1,사고 ,경부고속도로 증약터널동측 증약터널서측 2,3차로 교통사고 -,127.514207217871,36.3496196631643
2021-05-25 07:15:31,2968,2021-05-25 02:40:02,2021-05-25 10:00:00,1,사고 ,경부고속도로 증약터널동측 증약터널서측 2,3차로 교통사고 -,127.514207217871,36.3496196631643
2021-05-25 07:16:00,2973,2021-05-25 07:13:02,2021-05-25 18:00:00,0,공사 ,이태원로 호성빌딩 북한남삼거리 1차로 주의운전 도로공사 -,127.001805421519,37.5398621027828
2021-05-25 07:16:30,3006,2021-05-25 07:13:02,2021-05-25 18:00:00,0,공사 ,봉오대로 샬롬교회 서운사거리 4차로 주의운전 도로공사 -,126.7415726,37.5301797
2021-05-25 07:17:00,3014,2021-05-25 09:00:02,2021-05-27 17:00:00,0,공사 ,올림픽대로 성산대교남측 노들로237 4차로 자동차전용도로 교통안전 관리시설 유지보수공사/장소:올림픽대로 강일방향(양화대교진출 700m예고표지)/부분통제 도로공사 서울청,126.893600992118,37.5428657185706
2021-05-25 07:17:01,,2021-05-25 07:16:00,2021-05-25 07:46:00,1,사고 ,서울외곽순환고속도로 별내IC 퇴계원IC 33.5k 4차로 0km(퇴계원IC방향) 주의운전 차량고장 -,127.1337251,37.6367823
2021-05-25 07:17:30,3028,2021-05-25 07:09:02,2021-05-25 07:39:00,2,통제 ,지방도1022호선 충렬로123 창조아파트 1차로 공단방면 출근시간대로 인한 정체 공사 -,129.0274559,35.3444191
2021-05-25 07:17:56,,2021-05-25 07:18:00,2021-05-25 07:48:00,1,사고 ,강변북로 원효대교북측 강변북로구리방향진출램프 1차로 주의운전 교통사고 서울청,126.952982168111,37.5283576377885
2021-05-25 07:18:00,3038,2021-05-25 07:09:02,2021-05-25 18:00:00,0,공사 ,일반국도1호선 석전리985 내기사거리 1차로 주의운전 도로공사 -,126.778373972222,35.0359399722222
2021-05-25 07:18:30,3041,2021-05-25 07:09:02,2021-05-25 18:00:00,0,공사 ,능곡로 능곡삼거리 대장동입구 1차로 주의운전 도로공사 -,126.819366444444,37.6276511944445
2021-05-25 07:19:00,3043,2021-05-25 10:30:02,2021-05-25 14:00:00,2,행사 ,도봉로180길 르노삼성차 도봉사업소 도봉역 1번출구 1차로 집회 및 행진 집회 서울청,127.047126755937,37.683237751411
2021-05-25 07:19:12,,2021-05-25 07:19:00,2021-05-25 18:00:00,0,공사 ,일반국도2호선 세풍고가교 세풍2교시점 1차로 주의운전 도로공사 -,127.578333333333,34.9383333333333
2021-05-25 07:20:31,3051,2021-05-25 07:18:02,2021-05-25 07:48:00,1,사고 ,강변북로 원효대교북측 강변북로구리방향진출램프 1차로 주의운전 교통사고 서울청,126.952982168111,37.5283576377885
2021-05-25 07:20:32,,2021-05-25 07:19:00,2021-05-25 07:49:00,1,사고 ,서울외곽순환고속도로 별내IC 구리IC32.9k 4차로 0km(구리IC방향) 주의운전 차량고장 -,127.1423596,37.6124123
2021-05-25 07:21:01,3056,2021-05-25 07:16:02,2021-05-25 07:46:00,1,사고 ,서울외곽순환고속도로 별내IC 퇴계원IC 33.5k 4차로 0km(퇴계원IC방향) 주의운전 차량고장 -,127.1337251,37.6367823
2021-05-25 07:23:53,,2021-05-25 07:23:00,2021-05-25 18:00:00,0,공사 ,일반국도43호선 산곡동4862 송산로955 1차로 주의운전 도로공사 -,127.102413972222,37.7195719722222
2021-05-25 07:24:08,,2021-05-25 07:24:00,2021-05-25 18:00:00,0,공사 ,계양문화로 NH농협은행계산지점 구계양등기소 1차로 주의운전 시설물보수 -,126.7365452,37.5366539
2021-05-25 07:25:30,3127,2021-05-25 07:19:02,2021-05-25 07:49:00,1,사고 ,서울외곽순환고속도로 별내IC 구리IC32.9k 4차로 0km(구리IC방향) 주의운전 차량고장 -,127.1423596,37.6124123
2021-05-25 07:26:00,3130,2021-05-25 07:19:02,2021-05-25 18:00:00,0,공사 ,일반국도2호선 세풍고가교 세풍2교시점 1차로 주의운전 도로공사 -,127.578333333333,34.9383333333333
2021-05-25 07:27:23,,2021-05-25 07:27:00,2021-05-25 18:00:00,0,공사 ,민락로 용현현대아파트앞교차로 만가대오거리 1차로 주의운전 도로공사 -,127.088528972222,37.731551
2021-05-25 07:32:28,,2021-05-25 07:32:00,2021-05-25 18:00:00,0,공사 ,월드컵로 효성사거리 유신고교 1차로 주의운전 도로공사 -,127.0414798,37.280452
2021-05-25 07:38:01,,2021-05-25 07:37:00,2021-05-25 18:00:00,0,공사 ,화중로 덕양구청앞교차로 어린이도서관동화나라 1차로 주의운전 도로공사 -,126.831153861111,37.63664625
2021-05-25 07:38:41,,2021-05-25 07:38:00,2021-05-25 18:00:00,0,공사 ,천보로 산들마을2단지BS앞 웅신프라자앞 1차로 주의운전 도로공사 -,127.095122,37.7448109722222
2021-05-25 07:40:56,,2021-05-25 07:40:00,2021-05-25 18:00:00,0,공사 ,경부고속도로 서부교차로 개령주유소 1차로 주의운전 도로공사 -,128.1801459,36.1581329
2021-05-25 07:44:26,,2021-05-25 07:41:32,2021-05-25 10:46:13,0,공사 ,통영대전선(0351) (2차로)배수시설보수작업중 [고속도로]통영대전선(0351) (2차로)배수시설보수작업중,128.3476,35.0093
2021-05-25 07:44:52,,2021-05-25 07:44:00,2021-05-25 08:14:00,1,사고 ,매소홀로 교통공원사거리 종합터미널입구교차로 1차로 주의운전 차량고장 -,126.699293581887,37.4389074789709
2021-05-25 07:45:08,,2021-05-25 07:45:00,2021-05-25 18:00:00,0,공사 ,일반국도6호선 대심리입구 국수리 1차로 주의운전 도로공사 -,127.3934417,37.5085093
2021-05-25 07:46:01,,2021-05-25 07:44:00,2021-05-25 08:14:00,1,사고 ,평택시흥고속국도 신길교북측 서시흥TG 1차로 주의운전 교통사고 -,126.7670301,37.34884
2021-05-25 07:49:02,,2021-05-25 07:48:00,2021-05-25 18:00:00,0,공사 ,일반국도46호선 광산교회 천불사 1차로 주의운전 도로공사 -,128.4146569,38.3751059
2021-05-25 07:50:30,3481,2021-05-25 07:44:02,2021-05-25 08:14:00,1,사고 ,평택시흥고속국도 신길교북측 서시흥TG 1차로 주의운전 교통사고 -,126.7670301,37.34884
2021-05-25 07:51:00,3486,2021-05-25 07:45:02,2021-05-25 18:00:00,0,공사 ,일반국도6호선 대심리입구 국수리 1차로 주의운전 도로공사 -,127.3934417,37.5085093
2021-05-25 07:51:33,3523,2021-05-25 07:44:02,2021-05-25 08:14:00,1,사고 ,매소홀로 교통공원사거리 종합터미널입구교차로 1차로 주의운전 차량고장 -,126.699293581887,37.4389074789709
2021-05-25 07:51:40,,2021-05-25 07:51:00,2021-05-25 18:00:00,0,공사 ,용암로 유정마을 봉덕삼거리 1차로 1차로 통제 도로공사 -,126.740254096969,35.7233024322624
2021-05-25 07:52:25,,2021-05-25 07:52:00,2021-05-25 18:00:00,0,공사 ,일반국도19호선 어덕촌삼거리 냉천교북측 1차로 주의운전 도로공사 -,127.465,35.2161111111111
2021-05-25 07:59:27,,2021-05-25 07:55:22,2021-05-25 11:01:14,0,공사 ,중부내륙선(0450) (진출로갓길)노면보수작업중 [고속도로]중부내륙선(0450) (진출로갓길)노면보수작업중,128.4765,35.5431
2021-05-25 08:00:42,,2021-05-25 08:00:00,2021-05-25 18:00:00,0,공사 ,일반국도32호선 탄방지하차도 탄방지하차도 1차로 주의운전 도로공사 -,127.386228,36.34234
2021-05-25 08:04:00,,2021-05-25 08:03:00,2021-05-25 18:00:00,0,공사 ,영남제일로 외답삼거리 화개삼거리 1차로 주의운전 도로공사 -,128.190747,36.4196649
2021-05-25 08:04:27,,2021-05-25 08:00:32,2021-05-25 11:06:14,0,공사 ,서해안선(0150) (1차로)노면보수작업중 [고속도로]서해안선(0150) (1차로)노면보수작업중,126.4985,34.9149
2021-05-25 08:05:20,,2021-05-25 08:04:00,2021-05-25 08:34:00,1,사고 ,중부고속도로 동서울TG 산곡JC 357.2k 4차로 0km(산곡JC방향) 주의운전 차량고장 -,127.2417797,37.4818759
2021-05-25 08:05:26,,2021-05-25 08:05:00,2021-05-25 18:00:00,0,공사 ,남부순환로 공무원연수원 우면삼거리 4차로 주의운전 도로공사 -,127.0211426,37.4828858
2021-05-25 08:08:14,,2021-05-25 08:08:00,2021-05-25 08:38:00,2,기상 ,경부고속도로 석적육교북측 왜관낙동강교동측 1차로 0km(남구미IC방향) 주의운전 강우 -,128.394166666667,36.0711111111111
2021-05-25 08:09:28,,2021-05-25 08:03:47,2021-05-25 11:11:15,0,공사 ,남해2지선(1040) (갓길)정체구간터파기작업중 [고속도로]남해2지선(1040) (갓길)정체구간터파기작업중,128.8024,35.1998
2021-05-25 08:10:27,,2021-05-25 08:06:00,2021-05-25 09:36:00,2,행사 ,일반국도43호선 하남시청사거리 등기소입구교차로 2차로 백제마라톤행사 행사 -,127.2212429,37.5230589
2021-05-25 08:10:30,3764,2021-05-25 08:04:02,2021-05-25 08:34:00,1,사고 ,중부고속도로 동서울TG 산곡JC 357.2k 4차로 0km(산곡JC방향) 주의운전 차량고장 -,127.2417797,37.4818759
2021-05-25 08:11:08,,2021-05-25 08:11:00,2021-05-25 08:41:00,2,통제 ,수암로 파스쿠찌수암로점 공업탑로터리 1차로 주의운전 공사 -,129.3133921,35.5320601
2021-05-25 08:11:10,,2021-05-25 08:11:00,2021-05-25 18:00:00,0,공사 ,일반국도39호선 연수원사거리 시립대덕어린이집 1차로 주의운전 도로공사 -,126.8035011,37.322344
2021-05-25 08:11:33,3806,2021-05-25 08:03:02,2021-05-25 18:00:00,0,공사 ,영남제일로 외답삼거리 화개삼거리 1차로 주의운전 도로공사 -,128.190747,36.4196649
2021-05-25 08:12:24,,2021-05-25 08:12:00,2021-05-25 18:00:00,0,공사 ,고산로 문화예술회관사거리 노을사거리 1차로 주의운전 도로공사 -,126.9292387,37.3662911
2021-05-25 08:13:41,,2021-05-25 08:13:00,2021-05-25 08:43:00,1,사고 ,버드내길 보라삼거리 삼천교네거리 1차로 후미 밀림 교통사고 승용차관련 추돌,127.401644364898,36.3502853240126
2021-05-25 08:14:03,,2021-05-25 08:14:00,2021-05-25 18:00:00,0,공사 ,제봉로 전대의대앞교차로 동구청앞교차로 2차로 주의운전 도로공사 -,126.920959967097,35.1434127338094
2021-05-25 08:14:28,,2021-05-25 08:08:09,2021-05-25 11:16:15,0,공사 ,남해2지선(1040) (갓길)풀베기작업중 [고속도로]남해2지선(1040) (갓길)풀베기작업중,128.8384,35.1769
2021-05-25 08:14:28,,2021-05-25 08:12:40,2021-05-25 11:16:15,0,공사 ,남해2지선(1040) (갓길)시설물보수작업중 [고속도로]남해2지선(1040) (갓길)시설물보수작업중,128.8024,35.1998
2021-05-25 08:15:30,3838,2021-05-25 08:13:02,2021-05-25 08:43:00,1,사고 ,버드내길 보라삼거리 삼천교네거리 1차로 후미 밀림 교통사고 승용차관련 추돌,127.401644364898,36.3502853240126
2021-05-25 08:15:36,,2021-05-25 08:15:00,2021-05-25 08:45:00,1,사고 ,동서로 안골네거리 내동네거리 1차로 주의운전 차량고장 -,127.373182972222,36.333162
2021-05-25 08:16:01,3843,2021-05-25 08:12:02,2021-05-25 18:00:00,0,공사 ,고산로 문화예술회관사거리 노을사거리 1차로 주의운전 도로공사 -,126.9292387,37.3662911
2021-05-25 08:16:13,,2021-05-25 08:16:00,2021-05-25 08:46:00,1,사고 ,분당내곡간도시고속화도로 구룡터널남측 구룡터널북측 2차로 주의운전 교통사고 서울청,127.066739697032,37.4680663171091
2021-05-25 08:16:31,3872,2021-05-25 08:11:02,2021-05-25 18:00:00,0,공사 ,일반국도39호선 연수원사거리 시립대덕어린이집 1차로 주의운전 도로공사 -,126.8035011,37.322344
2021-05-25 08:17:00,3881,2021-05-25 08:11:02,2021-05-25 08:41:00,2,통제 ,수암로 파스쿠찌수암로점 공업탑로터리 1차로 주의운전 공사 -,129.3133921,35.5320601
2021-05-25 08:17:30,3893,2021-05-25 08:06:02,2021-05-25 09:36:00,2,행사 ,일반국도43호선 하남시청사거리 등기소입구교차로 2차로 백제마라톤행사 행사 -,127.2212429,37.5230589
2021-05-25 08:18:44,,2021-05-25 08:18:00,2021-05-25 18:00:00,0,공사 ,일반국도7호선 양정로5 박물관사거리 2차로 주의운전 도로공사 -,129.2229211,35.8351472
2021-05-25 08:18:46,,2021-05-25 08:18:00,2021-05-25 18:00:00,0,공사 ,일반국도38호선 송학교차로 한국감초영농조합법인 1차로 주의운전 도로공사 -,128.2687061,37.1833049
2021-05-25 08:18:48,,2021-05-25 08:18:00,2021-05-25 18:00:00,0,공사 ,대교로 부산대교북측 부산교회 1차로 도로보수공사로 하위차로 부분통제 도로공사 -,129.0392673,35.0946609
2021-05-25 08:18:59,,2021-05-25 08:18:00,2021-05-25 18:00:00,0,공사 ,천변우로 학림교 남광주고가차도 1차로 주의운전 도로공사 -,126.9218775,35.1365878
2021-05-25 08:20:30,3913,2021-05-25 08:18:02,2021-05-25 18:00:00,0,공사 ,천변우로 학림교 남광주고가차도 1차로 주의운전 도로공사 -,126.9218775,35.1365878
2021-05-25 08:21:00,,2021-05-25 08:20:00,2021-05-25 18:00:00,0,공사 ,진성원 앞 경포교 경암사거리 1차로 진성윈 앞  도로 공사 도로공사 -,126.7267348,35.981515
2021-05-25 08:21:00,3919,2021-05-25 08:18:02,2021-05-25 18:00:00,0,공사 ,대교로 부산대교북측 부산교회 1차로 도로보수공사로 하위차로 부분통제 도로공사 -,129.0392673,35.0946609
2021-05-25 08:21:33,3956,2021-05-25 08:18:02,2021-05-25 18:00:00,0,공사 ,일반국도38호선 송학교차로 한국감초영농조합법인 1차로 주의운전 도로공사 -,128.2687061,37.1833049
2021-05-25 08:22:00,3960,2021-05-25 08:18:02,2021-05-25 18:00:00,0,공사 ,일반국도7호선 양정로5 박물관사거리 2차로 주의운전 도로공사 -,129.2229211,35.8351472
2021-05-25 08:22:13,,2021-05-25 08:21:00,2021-05-25 18:00:00,0,공사 ,원대로 고성동주민센터네거리 달성초등네거리 3차로 주의운전 도로공사 -,128.580459,35.8806564
2021-05-25 08:22:30,3973,2021-05-25 08:16:02,2021-05-25 08:46:00,1,사고 ,분당내곡간도시고속화도로 구룡터널남측 구룡터널북측 2차로 주의운전 교통사고 서울청,127.066739697032,37.4680663171091
2021-05-25 08:22:35,,2021-05-25 08:22:00,2021-05-25 18:00:00,0,공사 ,삼목정3길 향우사거리 동행교회 1차로 주의운전 도로공사 -,127.376851972222,36.3223649722222
2021-05-25 08:23:00,3981,2021-05-25 08:15:02,2021-05-25 08:45:00,1,사고 ,동서로 안골네거리 내동네거리 1차로 주의운전 차량고장 -,127.373182972222,36.333162
2021-05-25 08:24:00,2,2021-05-25 08:14:02,2021-05-25 18:00:00,0,공사 ,제봉로 전대의대앞교차로 동구청앞교차로 2차로 주의운전 도로공사 -,126.920959967097,35.1434127338094
2021-05-25 08:24:29,,2021-05-25 08:15:26,2021-05-25 11:26:15,0,공사 ,대구포항선(0200) (3차로)임고4터널터널시설물보수작업중 [고속도로]대구포항선(0200) (3차로)임고4터널터널시설물보수작업중,129.1439,36.0621
2021-05-25 08:24:29,,2021-05-25 08:18:25,2021-05-25 11:26:15,0,공사 ,남해선(순천-부산)(0100) (갓길)시설물보수작업중 [고속도로]남해선(순천-부산)(0100) (갓길)시설물보수작업중,128.9958,35.2166
2021-05-25 08:25:53,,2021-05-25 08:25:00,2021-05-25 18:00:00,0,공사 ,안양로 만안구청사거리 만안경찰서사거리 1차로 주의운전 도로공사 -,126.9303088,37.3881358
2021-05-25 08:28:20,,2021-05-25 08:28:00,2021-05-25 18:00:00,0,공사 ,침산로 족발참잘하는집 남침산네거리 3차로 주의운전  도로공사 -,128.58982275167,35.8820151150821
2021-05-25 08:29:29,,2021-05-25 08:22:08,2021-05-25 11:31:15,0,공사 ,울산선(0160) (2차로)노면보수작업중 [고속도로]울산선(0160) (2차로)노면보수작업중,129.1813,35.5579
2021-05-25 08:30:31,,2021-05-25 08:30:00,2021-05-25 18:00:00,0,공사 ,동서대로 비즈니스전략연구소 외환은행도안신도시지점 1차로 주의운전 도로공사 -,127.3407099,36.3321322
2021-05-25 08:31:16,,2021-05-25 08:31:00,2021-05-25 18:00:00,0,공사 ,일반국도19호선 용담교 초동교남측 1차로 주의운전 도로공사 -,127.417420672222,35.4096724166667
2021-05-25 08:32:36,,2021-05-25 08:32:00,2021-05-25 09:02:00,2,통제 ,원산흥남로27번길 도안지하차도분기점 원신흥남로1 1차로 주의운전 공사 -,127.3360873,36.3323555
2021-05-25 08:33:03,,2021-05-25 08:32:00,2021-05-25 09:02:00,2,기상 ,남해고속도로 문산IC 진주1터널서측 1차로 0km(진성IC방향) 주의운전 기상 -,128.162230555556,35.1726194444444
2021-05-25 08:33:42,,2021-05-25 08:33:00,2021-05-25 09:03:00,1,사고 ,흥선로 의정부의료원교차로 가능동824 1차로 주의운전 차량고장 -,127.0428108,37.7415279
2021-05-25 08:33:46,,2021-05-25 08:33:00,2021-05-25 09:03:00,1,사고 ,화곡로 양지빌딩 화곡역사거리 3차로 주의운전 교통사고 -,126.839760621839,37.5413860207479
2021-05-25 08:33:51,,2021-05-25 08:33:00,2021-05-25 09:03:00,1,사고 ,동부간선도로 청담대교남단 북단 1차로 서행 고장 차량 서울청,127.063021175857,37.5225432239096
2021-05-25 08:34:30,,2021-05-25 08:28:26,2021-05-25 11:36:16,0,공사 ,남해선(순천-부산)(0100) (4차로)시설물보수작업중 [고속도로]남해선(순천-부산)(0100) (4차로)시설물보수작업중,128.223,35.187
2021-05-25 08:34:30,,2021-05-25 08:33:22,2021-05-25 11:36:16,0,공사 ,서해안선(0150) (갓길)가드레일설치작업중 [고속도로]서해안선(0150) (갓길)가드레일설치작업중,126.6275,36.13
2021-05-25 08:35:31,159,2021-05-25 08:33:02,2021-05-25 09:03:00,1,사고 ,동부간선도로 청담대교남단 북단 1차로 서행 고장 차량 서울청,127.063021175857,37.5225432239096
2021-05-25 08:35:53,,2021-05-25 08:35:00,2021-05-25 09:05:00,1,사고 ,남해고속도로 부산방면  사천Ic 진주JC 3차로 0km(진주JC방향) 주의운전 차량고장 -,128.097071,35.130851
2021-05-25 08:36:01,164,2021-05-25 08:33:02,2021-05-25 09:03:00,1,사고 ,화곡로 양지빌딩 화곡역사거리 3차로 주의운전 교통사고 -,126.839760621839,37.5413860207479
2021-05-25 08:36:31,196,2021-05-25 08:33:02,2021-05-25 09:03:00,1,사고 ,흥선로 의정부의료원교차로 가능동824 1차로 주의운전 차량고장 -,127.0428108,37.7415279
2021-05-25 08:37:00,206,2021-05-25 08:32:02,2021-05-25 09:02:00,2,기상 ,남해고속도로 문산IC 진주1터널서측 1차로 0km(진성IC방향) 주의운전 기상 -,128.162230555556,35.1726194444444
2021-05-25 08:37:30,218,2021-05-25 08:32:02,2021-05-25 09:02:00,2,통제 ,원산흥남로27번길 도안지하차도분기점 원신흥남로1 1차로 주의운전 공사 -,127.3360873,36.3323555
2021-05-25 08:37:43,,2021-05-25 08:37:00,2021-05-25 18:00:00,0,공사 ,동서로 오룡역네거리 충남여중삼거리 1차로 주의운전 도로공사 -,127.4101927,36.3310899
2021-05-25 08:37:49,,2021-05-25 08:37:00,2021-05-25 18:00:00,0,공사 ,침산남로 침산3차푸르지오101동앞 침산네거리 2차로 시설물보수공사 도로공사 -,128.5905355,35.8884143
2021-05-25 08:38:00,228,2021-05-25 08:31:02,2021-05-25 18:00:00,0,공사 ,일반국도19호선 용담교 초동교남측 1차로 주의운전 도로공사 -,127.417420672222,35.4096724166667
2021-05-25 08:38:30,230,2021-05-25 08:30:02,2021-05-25 18:00:00,0,공사 ,동서대로 비즈니스전략연구소 외환은행도안신도시지점 1차로 주의운전 도로공사 -,127.3407099,36.3321322
2021-05-25 08:39:31,,2021-05-25 08:34:04,2021-05-25 11:41:16,0,공사 ,서해안선(0150) (갓길)졸음쉼터가드레일설치작업중 [고속도로]서해안선(0150) (갓길)졸음쉼터가드레일설치작업중,126.749,36.068
2021-05-25 08:39:53,,2021-05-25 08:39:00,2021-05-25 18:00:00,0,공사 ,이동면무림회전교차로공사 이동교 이동교차로 1차로 주의운전 도로공사 -,127.955833333333,34.8
2021-05-25 08:40:30,241,2021-05-25 08:35:02,2021-05-25 09:05:00,1,사고 ,남해고속도로 부산방면  사천Ic 진주JC 3차로 0km(진주JC방향) 주의운전 차량고장 -,128.097071,35.130851
2021-05-25 08:41:06,,2021-05-25 08:40:00,2021-05-25 18:00:00,0,공사 ,마들로 녹천교앞교차로 도봉경찰서 1차로 주의운전 도로공사 -,127.054166666667,37.6461111111111
2021-05-25 08:41:22,,2021-05-25 08:40:00,2021-05-25 12:10:00,2,통제 ,돗길로 돋질로33 한국은행앞교차로 3차로 인도공사 공사 -,129.3102857,35.5374745
2021-05-25 08:42:26,,2021-05-25 08:42:00,2021-05-25 18:00:00,0,공사 ,경춘로 다산동7182 양정초등학교 1차로 주의운전 도로공사 -,127.1676587,37.6091945
2021-05-25 08:42:27,,2021-05-25 08:42:00,2021-05-25 18:00:00,0,공사 ,마들로 도봉경찰서앞교차로 녹천교앞교차로 1차로 주의운전 도로공사 -,127.054444444444,37.6475
2021-05-25 08:42:50,,2021-05-25 08:42:00,2021-05-25 18:00:00,0,공사 ,톳고개로 망미주공 망미주공 1차로 주의운전 도로공사 -,129.1067423,35.1829975
2021-05-25 08:43:34,,2021-05-25 08:43:00,2021-05-25 09:13:00,1,사고 ,중부내륙고속도로 남지IC 영산IC 2차로 0km(영산IC방향) 주의운전 차량고장 -,128.488192647222,35.4143394138889
2021-05-25 08:44:31,,2021-05-25 08:37:38,2021-05-25 11:46:16,0,공사 ,통영대전선(0351) (2차로)시설물설치작업중 [고속도로]통영대전선(0351) (2차로)시설물설치작업중,128.3963,34.9621
2021-05-25 08:45:30,67,2021-05-25 08:43:02,2021-05-25 09:13:00,1,사고 ,중부내륙고속도로 남지IC 영산IC 2차로 0km(영산IC방향) 주의운전 차량고장 -,128.488192647222,35.4143394138889
2021-05-25 08:46:00,72,2021-05-25 08:42:02,2021-05-25 18:00:00,0,공사 ,톳고개로 망미주공 망미주공 1차로 주의운전 도로공사 -,129.1067423,35.1829975
2021-05-25 08:46:23,,2021-05-25 08:46:00,2021-05-25 18:00:00,0,공사 ,마들로 창동열린극장교차로 농협창동유통센터앞교차로 1차로 주의운전 도로공사 -,127.052777777778,37.6555555555556
2021-05-25 08:46:31,106,2021-05-25 08:42:02,2021-05-25 18:00:00,0,공사 ,마들로 도봉경찰서앞교차로 녹천교앞교차로 1차로 주의운전 도로공사 -,127.054444444444,37.6475
2021-05-25 08:47:00,,2021-05-25 08:46:00,2021-05-25 18:00:00,0,공사 ,경부고속도로  구미톨게이트  김천분기점  1차로 주의운전 도로공사 -,128.353611111111,36.1222222222222
2021-05-25 08:47:00,112,2021-05-25 08:42:02,2021-05-25 18:00:00,0,공사 ,경춘로 다산동7182 양정초등학교 1차로 주의운전 도로공사 -,127.1676587,37.6091945
2021-05-25 08:47:33,133,2021-05-25 08:40:02,2021-05-25 12:10:00,2,통제 ,돗길로 돋질로33 한국은행앞교차로 3차로 인도공사 공사 -,129.3102857,35.5374745
2021-05-25 08:47:42,,2021-05-25 08:46:00,2021-05-25 18:00:00,0,공사 ,남해고속도로 부산방면  마산요금소에서 창원분기점 동창원 방향 2차로 주의운전 시설물보수 -,129.013888888889,35.3294444444445
2021-05-25 08:47:42,,2021-05-25 08:47:00,2021-05-25 17:30:00,2,행사 ,중앙로 BNK울산어린이집 한국은행울산본부지점 1차로 대우버스집회 집회 -,129.312214,35.5397647
2021-05-25 08:47:43,,2021-05-25 08:47:00,2021-05-25 18:00:00,0,공사 ,마들로 창동열린극장교차로 창동운동장앞교차로 1차로 주의운전 도로공사 -,127.050550966422,37.6597768392153
2021-05-25 08:48:01,137,2021-05-25 08:40:02,2021-05-25 18:00:00,0,공사 ,마들로 녹천교앞교차로 도봉경찰서 1차로 주의운전 도로공사 -,127.054166666667,37.6461111111111
2021-05-25 08:48:31,139,2021-05-25 08:39:02,2021-05-25 18:00:00,0,공사 ,이동면무림회전교차로공사 이동교 이동교차로 1차로 주의운전 도로공사 -,127.955833333333,34.8
2021-05-25 08:49:01,142,2021-05-25 08:34:42,2021-05-25 11:41:16,0,공사 ,서해안선(0150) (갓길)졸음쉼터가드레일설치작업중 [고속도로]서해안선(0150) (갓길)졸음쉼터가드레일설치작업중,126.749,36.068
2021-05-25 08:49:32,,2021-05-25 08:45:27,2021-05-25 11:51:16,0,공사 ,호남선(0251) (2차로)유지보수이동작업중 [고속도로]호남선(0251) (2차로)유지보수이동작업중,127.0011,35.2321
2021-05-25 08:49:32,,2021-05-25 08:45:57,2021-05-25 11:51:16,0,공사 ,부산울산선(0651) (3차로)정밀안전진단작업중 [고속도로]부산울산선(0651) (3차로)정밀안전진단작업중,129.2281,35.2973
2021-05-25 08:49:32,,2021-05-25 08:47:05,2021-05-25 11:51:16,0,공사 ,통영대전선(0351) (갓길)시설물복구작업중 [고속도로]통영대전선(0351) (갓길)시설물복구작업중,127.9454,35.2977
2021-05-25 08:50:16,,2021-05-25 08:49:00,2021-05-25 09:19:00,2,기상 ,경부고속도로 구미톨게이트  김천분기점  1차로 0km(김천분기점방향) 주의운전 강우 -,128.285277777778,36.1497222222222
2021-05-25 08:53:45,,2021-05-25 08:53:00,2021-05-25 09:23:00,1,사고 ,일반국도3호선 송파지하차도북측 송파지하차도남측 2차로 주의운전 교통사고 -,127.112205599722,37.49949
2021-05-25 08:54:32,,2021-05-25 08:49:08,2021-05-25 11:56:17,0,공사 ,서해안선(0150) (갓길)수목정비이동작업중 [고속도로]서해안선(0150) (갓길)수목정비이동작업중,126.6963,35.5992
2021-05-25 08:54:32,,2021-05-25 08:49:40,2021-05-25 11:56:17,0,공사 ,남해선(영암-순천)(0101) (2차로)시설물보수작업중 [고속도로]남해선(영암-순천)(0101) (2차로)시설물보수작업중,126.9676,34.7376
2021-05-25 08:55:14,,2021-05-25 08:55:00,2021-05-25 18:00:00,0,공사 ,지호로 셀디스터디카페조선대본점 지산동성당 1차로 주의운전 도로공사 -,126.929847328919,35.1490147433087
2021-05-25 08:55:30,217,2021-05-25 08:53:02,2021-05-25 09:23:00,1,사고 ,일반국도3호선 송파지하차도북측 송파지하차도남측 2차로 주의운전 교통사고 -,127.112205599722,37.49949
2021-05-25 08:56:01,221,2021-05-25 08:49:02,2021-05-25 09:19:00,2,기상 ,경부고속도로 구미톨게이트  김천분기점  1차로 0km(김천분기점방향) 주의운전 강우 -,128.285277777778,36.1497222222222
2021-05-25 08:56:07,,2021-05-25 08:56:00,2021-05-25 18:00:00,0,공사 ,광장9길 대전일보네거리 충대병원앞삼거리 1차로 주의운전 도로공사 -,127.4146593,36.3192574
2021-05-25 08:57:00,3,2021-05-25 08:47:02,2021-05-25 18:00:00,0,공사 ,마들로 창동열린극장교차로 창동운동장앞교차로 1차로 주의운전 도로공사 -,127.050550966422,37.6597768392153
2021-05-25 08:57:30,5,2021-05-25 08:47:02,2021-05-25 17:30:00,2,행사 ,중앙로 BNK울산어린이집 한국은행울산본부지점 1차로 대우버스집회 집회 -,129.312214,35.5397647
2021-05-25 08:58:14,,2021-05-25 08:58:00,2021-05-25 18:00:00,0,공사 ,버대길 양상동산824 안산IC앞교차로 1차로 주의운전 도로공사 -,126.848513199722,37.3465513
2021-05-25 08:59:11,,2021-05-25 08:59:00,2021-05-25 18:00:00,0,공사 ,중앙로 겨자씨교회 태안농협본점 1차로 주의운전 하수관거 작업 -,126.293903972222,36.7552209722222
2021-05-25 09:00:52,,2021-05-25 09:00:00,2021-05-25 09:30:00,1,사고 ,인천국제공항고속도로 금산IC서측 금산IC동측 1차로 0km(금산IC방향) 주의운전 차량고장 -,126.5226973,37.5105943
2021-05-25 09:03:20,,2021-05-25 09:02:00,2021-05-25 09:32:00,1,사고 ,올림픽대로 서울교 여의교 3차로 서행 고장 차량 서울청,126.921939540668,37.5166326725274
2021-05-25 09:03:26,,2021-05-25 09:03:00,2021-05-25 09:33:00,1,사고 ,은평로 녹번역삼거리 은평주유소앞 1차로 주의운전 교통사고 -,126.933839,37.6010665
2021-05-25 09:04:30,,2021-05-25 09:04:00,2021-05-25 18:00:00,0,공사 ,경부고속도로 노포JC 영락IC 1차로 0km(구서IC방향) 주의운전 시설물보수 -,129.1054657,35.2786947
2021-05-25 09:04:34,,2021-05-25 08:58:17,2021-05-25 12:06:17,0,공사 ,남해선(영암-순천)(0101) (1차로)시설물보수작업중 [고속도로]남해선(영암-순천)(0101) (1차로)시설물보수작업중,126.5286,34.7572
2021-05-25 09:04:46,,2021-05-25 09:05:00,2021-05-25 09:35:00,1,사고 ,강변북로 성수대교 동호대교 4차로 주의운전 교통사고 서울청,127.021929112841,37.5421908170345
2021-05-25 09:05:16,,2021-05-25 09:05:00,2021-05-25 18:00:00,0,공사 ,괴강로 대덕사거리 동진교 1차로 주의운전 도로공사 -,127.815656692129,36.8078340993289
2021-05-25 09:05:31,93,2021-05-25 09:03:02,2021-05-25 09:33:00,1,사고 ,은평로 녹번역삼거리 은평주유소앞 1차로 주의운전 교통사고 -,126.933839,37.6010665
2021-05-25 09:06:01,96,2021-05-25 09:02:02,2021-05-25 09:32:00,1,사고 ,올림픽대로 서울교 여의교 3차로 서행 고장 차량 서울청,126.921939540668,37.5166326725274
2021-05-25 09:06:34,135,2021-05-25 09:00:02,2021-05-25 09:30:00,1,사고 ,인천국제공항고속도로 금산IC서측 금산IC동측 1차로 0km(금산IC방향) 주의운전 차량고장 -,126.5226973,37.5105943
2021-05-25 09:07:00,139,2021-05-25 08:59:02,2021-05-25 18:00:00,0,공사 ,중앙로 겨자씨교회 태안농협본점 1차로 주의운전 하수관거 작업 -,126.293903972222,36.7552209722222
2021-05-25 09:07:30,151,2021-05-25 08:58:02,2021-05-25 18:00:00,0,공사 ,버대길 양상동산824 안산IC앞교차로 1차로 주의운전 도로공사 -,126.848513199722,37.3465513
2021-05-25 09:09:31,,2021-05-25 09:08:00,2021-05-25 18:00:00,0,공사 ,경부고속도로 부산방향 121k 2차로 주의운전 도로공사 -,128.7022827,35.8812082
2021-05-25 09:09:34,,2021-05-25 09:03:36,2021-05-25 12:11:18,0,공사 ,영동선(0500) (진출입로하이패스차로)발호벽설치작업중 [고속도로]영동선(0500) (진출입로하이패스차로)발호벽설치작업중,126.9181,37.3244
2021-05-25 09:09:34,,2021-05-25 09:04:19,2021-05-25 12:11:18,0,공사 ,제2중부선(0370) (갓길)이동청소작업중 [고속도로]제2중부선(0370) (갓길)이동청소작업중,127.3241,37.3455
2021-05-25 09:09:34,,2021-05-25 09:04:48,2021-05-25 12:11:18,0,공사 ,청주영덕선(0300) (1차로)신축이음장치보수작업중 [고속도로]청주영덕선(0300) (1차로)신축이음장치보수작업중,129.1454,36.4909
2021-05-25 09:09:34,,2021-05-25 09:05:12,2021-05-25 12:11:18,0,공사 ,중부선(0352) (갓길)이동청소작업중 [고속도로]중부선(0352) (갓길)이동청소작업중,127.2413,37.4834
2021-05-25 09:10:30,164,2021-05-25 09:05:02,2021-05-25 09:35:00,1,사고 ,강변북로 성수대교 동호대교 4차로 주의운전 교통사고 서울청,127.021929112841,37.5421908170345
2021-05-25 09:11:31,203,2021-05-25 09:04:02,2021-05-25 18:00:00,0,공사 ,경부고속도로 노포JC 영락IC 1차로 0km(구서IC방향) 주의운전 시설물보수 -,129.1054657,35.2786947
2021-05-25 09:14:24,,2021-05-25 09:14:00,2021-05-25 18:00:00,0,공사 ,일반국도22호선 케냐에스프레소주월점 IBK기업은행봉선동지점 1,2차로 주의운전 도로공사 -,126.9091565,35.1339273
2021-05-25 09:14:35,,2021-05-25 09:08:07,2021-05-25 12:16:18,0,공사 ,울산선(0160) (갓길)안전시설물보완작업중 [고속도로]울산선(0160) (갓길)안전시설물보완작업중,129.1678,35.5504
2021-05-25 09:14:35,,2021-05-25 09:08:30,2021-05-25 12:16:18,0,공사 ,수도권제1순환선(1000) (갓길)이동청소작업중 [고속도로]수도권제1순환선(1000) (갓길)이동청소작업중,126.7487,37.5442
2021-05-25 09:14:35,,2021-05-25 09:11:39,2021-05-25 12:16:18,0,공사 ,당진대전선(0301) (갓길)응력완화줄눈설치조사중 [고속도로]당진대전선(0301) (갓길)응력완화줄눈설치조사중,126.6184,36.8509
2021-05-25 09:15:39,,2021-05-25 09:14:00,2021-05-25 09:44:00,1,사고 ,올림픽로 올림픽대교남단교차로 올림픽파크텔 4차로 서행 교통사고 서울청,127.117319008834,37.525200270983
2021-05-25 09:16:15,,2021-05-25 09:16:00,2021-05-25 18:00:00,0,공사 ,군분로 정원유통 나라장례식장 2차로 주의운전 도로공사 -,126.8960709,35.1339467
2021-05-25 09:16:36,,2021-05-25 09:16:00,2021-05-25 18:00:00,0,공사 ,지방도307호선 장제로895 임학사거리 2차로 주의운전 시설물보수 -,126.7381573,37.5445355
2021-05-25 09:18:56,,2021-05-25 09:18:00,2021-05-25 09:48:00,1,사고 ,제2경인고속도로 서창JC 장수ic 1차로 0,8인천방향km(서창JC방향) 주의운전 차량화재 -,126.7367507,37.433017
2021-05-25 09:19:33,,2021-05-25 09:19:00,2021-05-25 09:49:00,1,사고 ,강변북로 성수JC 용산구성동구 4차로 주의운전 교통사고 -,127.0213457,37.5419582
2021-05-25 09:19:36,,2021-05-25 09:11:36,2021-05-25 12:21:18,0,공사 ,호남선(0251) (갓길)오물수거이동작업중 [고속도로]호남선(0251) (갓길)오물수거이동작업중,126.8065,35.435
2021-05-25 09:19:36,,2021-05-25 09:14:29,2021-05-25 12:21:18,0,공사 ,서해안선(0150) (1차로)노면보수작업중 [고속도로]서해안선(0150) (1차로)노면보수작업중,126.4895,34.8657
2021-05-25 09:20:30,313,2021-05-25 09:18:02,2021-05-25 09:48:00,1,사고 ,제2경인고속도로 서창JC 장수ic 1차로 0,8인천방향km(서창JC방향) 주의운전 차량화재 -,126.7367507,37.433017
2021-05-25 09:21:00,317,2021-05-25 09:16:02,2021-05-25 18:00:00,0,공사 ,지방도307호선 장제로895 임학사거리 2차로 주의운전 시설물보수 -,126.7381573,37.5445355
2021-05-25 09:21:34,356,2021-05-25 09:16:02,2021-05-25 18:00:00,0,공사 ,군분로 정원유통 나라장례식장 2차로 주의운전 도로공사 -,126.8960709,35.1339467
2021-05-25 09:22:00,360,2021-05-25 09:14:02,2021-05-25 09:44:00,1,사고 ,올림픽로 올림픽대교남단교차로 올림픽파크텔 4차로 서행 교통사고 서울청,127.117319008834,37.525200270983
2021-05-25 09:23:01,9,2021-05-25 09:14:02,2021-05-25 18:00:00,0,공사 ,일반국도22호선 케냐에스프레소주월점 IBK기업은행봉선동지점 1,2차로 주의운전 도로공사 -,126.9091565,35.1339273
2021-05-25 09:23:49,,2021-05-25 09:23:00,2021-05-25 18:00:00,0,공사 ,일반국도22호선 백운고가시점 백운고가종점 1차로 주의운전 도로공사 -,126.9020121,35.1332556
2021-05-25 09:24:37,,2021-05-25 09:13:13,2021-05-25 12:26:19,0,공사 ,호남선(0251) (갓길)ITS유지관리점검작업중 [고속도로]호남선(0251) (갓길)ITS유지관리점검작업중,127.0893,35.9427
2021-05-25 09:24:37,,2021-05-25 09:15:48,2021-05-25 12:26:19,0,공사 ,서해안선(0150) (갓길)잡목제거작업중 [고속도로]서해안선(0150) (갓길)잡목제거작업중,126.5605,36.5913
2021-05-25 09:24:51,,2021-05-25 09:24:00,2021-05-25 18:00:00,0,공사 ,일반국도3호선 세성교차로 세성교차로 2차로 우회전 차로차단하고, 우회로 개선공사중 서행요망 도로공사 -,127.9646781,36.9010973
2021-05-25 09:25:16,,2021-05-25 09:24:00,2021-05-25 18:00:00,0,공사 ,진주대로 중앙병원 서부시장 1차로 주의운전 도로공사 -,128.091707741961,35.1709561329663
2021-05-25 09:25:30,19,2021-05-25 09:19:02,2021-05-25 09:49:00,1,사고 ,강변북로 성수JC 용산구성동구 4차로 주의운전 교통사고 -,127.0213457,37.5419582
2021-05-25 09:25:52,,2021-05-25 09:25:00,2021-05-25 18:00:00,0,공사 ,일반국도3호선 가락금호아파트 가락시장앞교차로 1차로 주의운전 도로공사 -,127.1150707,37.4966257
2021-05-25 09:26:37,,2021-05-25 09:26:00,2021-05-25 18:00:00,0,공사 ,통영대전고속도로 단성IC 산청휴게소 1차로 0km(산청IC방향) 주의운전 시설물보수 -,127.9375606,35.3372241
2021-05-25 09:27:29,,2021-05-25 09:27:00,2021-05-25 18:00:00,0,공사 ,비류대로 도림사거리 비류대로885 4차로 주의운전 도로공사 -,126.7296361,37.4193981
2021-05-25 09:27:37,,2021-05-25 09:26:00,2021-05-25 09:56:00,1,사고 ,강변북로 성수JC 동호대교 4차로 서행 교통사고 서울청,127.019207333092,37.5404658765089
2021-05-25 09:28:07,,2021-05-25 09:28:00,2021-05-25 18:00:00,0,공사 ,국가지원지방도15호선 도개길1574 만화1교 1차로 주의운전 도로공사 -,126.9729079,35.3265546
2021-05-25 09:28:16,,2021-05-25 09:27:00,2021-05-25 18:00:00,0,공사 ,보문로 진흥빌딩 대광중고교앞교차로 1차로 주의운전 도로공사 -,127.0205781,37.5827584
2021-05-25 09:28:59,,2021-05-25 09:28:00,2021-05-25 09:58:00,1,사고 ,동부간선도로 장평교 군자교 3차로 서행 고장 차량 서울청,127.074949193551,37.5668879369983
2021-05-25 09:29:38,,2021-05-25 09:17:08,2021-05-25 12:31:19,0,공사 ,익산장수선(0201) (갓길)풀베기작업중 [고속도로]익산장수선(0201) (갓길)풀베기작업중,127.2286,35.8652
2021-05-25 09:29:38,,2021-05-25 09:24:38,2021-05-25 12:31:19,0,공사 ,경인선(1200) (갓길)안전시설물간판설치작업중 [고속도로]경인선(1200) (갓길)안전시설물간판설치작업중,126.7294,37.5239
2021-05-25 09:30:30,90,2021-05-25 09:28:02,2021-05-25 09:58:00,1,사고 ,동부간선도로 장평교 군자교 3차로 서행 고장 차량 서울청,127.074949193551,37.5668879369983
2021-05-25 09:30:35,,2021-05-25 09:30:00,2021-05-25 18:00:00,0,공사 ,용아로 GS주유소명진셀프 흑석동1215 3차로 주의운전 도로공사 -,126.805010112483,35.18159616784
2021-05-25 09:31:00,94,2021-05-25 09:27:02,2021-05-25 18:00:00,0,공사 ,보문로 진흥빌딩 대광중고교앞교차로 1차로 주의운전 도로공사 -,127.0205781,37.5827584
2021-05-25 09:31:03,,2021-05-25 09:30:00,2021-05-25 13:00:00,0,공사 ,서부샛길 시흥역 중화철강 1차로 주의운전 도로공사 -,126.8938936,37.4606514
2021-05-25 09:31:31,126,2021-05-25 09:28:02,2021-05-25 18:00:00,0,공사 ,국가지원지방도15호선 도개길1574 만화1교 1차로 주의운전 도로공사 -,126.9729079,35.3265546
2021-05-25 09:32:01,137,2021-05-25 09:26:02,2021-05-25 09:56:00,1,사고 ,강변북로 성수JC 동호대교 4차로 서행 교통사고 서울청,127.019207333092,37.5404658765089
2021-05-25 09:32:31,150,2021-05-25 09:27:02,2021-05-25 18:00:00,0,공사 ,비류대로 도림사거리 비류대로885 4차로 주의운전 도로공사 -,126.7296361,37.4193981
2021-05-25 09:32:33,,2021-05-25 09:32:00,2021-05-25 18:00:00,0,공사 ,왕십리로 한양대병원앞교차로 성동교 3차로 주의운전 도로공사 -,127.04361056636,37.5539474860806
2021-05-25 09:32:52,,2021-05-25 09:32:00,2021-05-25 18:00:00,0,공사 ,일반국도21호선 성암초교 성암교 1차로 주의운전 도로공사 -,127.4059133,36.8267493
2021-05-25 09:33:01,161,2021-05-25 09:26:02,2021-05-25 18:00:00,0,공사 ,통영대전고속도로 단성IC 산청휴게소 1차로 0km(산청IC방향) 주의운전 시설물보수 -,127.9375606,35.3372241
2021-05-25 09:33:30,164,2021-05-25 09:25:02,2021-05-25 18:00:00,0,공사 ,일반국도3호선 가락금호아파트 가락시장앞교차로 1차로 주의운전 도로공사 -,127.1150707,37.4966257
2021-05-25 09:33:31,,2021-05-25 09:32:00,2021-05-25 18:00:00,0,공사 ,평남로 소사벌레포츠공원 앞 도로 1차로 주의운전 도로공사 -,127.1046154,36.985684
2021-05-25 09:33:56,,2021-05-25 09:33:00,2021-05-25 18:00:00,0,공사 ,공단로 대한자동차정비 공단입구사거리 1차로 주의운전 시설물보수 -,129.039037378064,35.3559328897798
2021-05-25 09:34:00,168,2021-05-25 09:24:02,2021-05-25 18:00:00,0,공사 ,진주대로 중앙병원 서부시장 1차로 주의운전 도로공사 -,128.091707741961,35.1709561329663
2021-05-25 09:34:30,170,2021-05-25 09:24:02,2021-05-25 18:00:00,0,공사 ,일반국도3호선 세성교차로 세성교차로 2차로 우회전 차로차단하고, 우회로 개선공사중 서행요망 도로공사 -,127.9646781,36.9010973
2021-05-25 09:34:39,,2021-05-25 09:30:08,2021-05-25 12:36:19,0,공사 ,서해안선(0150) (2차로)시설물보수작업중 [고속도로]서해안선(0150) (2차로)시설물보수작업중,126.481,35.1352
2021-05-25 09:35:34,,2021-05-25 09:33:00,2021-05-25 10:03:00,1,사고 ,평창길 세검정사거리 평창파출소 1차로 주의운전 교통사고 -,126.965433903084,37.6050034723349
2021-05-25 09:37:27,,2021-05-25 09:37:00,2021-05-25 10:07:00,1,사고 ,이곡공원로 누리코FA 행복한교회 3차로 주의운전 고장 차량 -,128.520502,35.8550877
2021-05-25 09:38:58,,2021-05-25 09:38:00,2021-05-25 18:00:00,0,공사 ,일반국도14호선 원문고개 관문사거리 1차로 신호등 전주 교체작업으로 2차로 통제중 시설물보수 -,128.4279527,34.8620966
2021-05-25 09:39:40,,2021-05-25 09:33:49,2021-05-25 12:41:20,0,공사 ,경부선(0010) (갓길)방음벽덩쿨제거작업중 [고속도로]경부선(0010) (갓길)방음벽덩쿨제거작업중,127.4514,36.363
2021-05-25 09:39:40,,2021-05-25 09:35:35,2021-05-25 12:41:20,0,공사 ,영동선(0500) (갓길)확장공사로인한측량작업중 [고속도로]영동선(0500) (갓길)확장공사로인한측량작업중,126.9181,37.3244
2021-05-25 09:39:51,,2021-05-25 09:39:00,2021-05-25 18:00:00,0,공사 ,도봉로 체대입시학원 목화빌라 3차로 주의운전 도로공사 -,127.025933262684,37.6271040930721
2021-05-25 09:40:30,256,2021-05-25 09:37:02,2021-05-25 10:07:00,1,사고 ,이곡공원로 누리코FA 행복한교회 3차로 주의운전 고장 차량 -,128.520502,35.8550877
2021-05-25 09:41:00,260,2021-05-25 09:33:02,2021-05-25 10:03:00,1,사고 ,평창길 세검정사거리 평창파출소 1차로 주의운전 교통사고 -,126.965433903084,37.6050034723349
2021-05-25 09:42:01,298,2021-05-25 09:33:02,2021-05-25 18:00:00,0,공사 ,공단로 대한자동차정비 공단입구사거리 1차로 주의운전 시설물보수 -,129.039037378064,35.3559328897798
2021-05-25 09:42:26,,2021-05-25 09:42:00,2021-05-25 18:00:00,0,공사 ,서빙고로 이촌역앞교차로 한강교회 3차로 주의운전 도로공사 -,126.974132499722,37.5224519
2021-05-25 09:42:33,,2021-05-25 09:42:00,2021-05-25 10:12:00,1,사고 ,공항대로 강서구청입구 조흥은행등촌동지점 4차로 주의운전 교통사고 -,126.854289212662,37.5553134953489
2021-05-25 09:42:34,316,2021-05-25 09:32:02,2021-05-25 18:00:00,0,공사 ,평남로 소사벌레포츠공원 앞 도로 1차로 주의운전 도로공사 -,127.1046154,36.985684
2021-05-25 09:42:44,,2021-05-25 09:42:00,2021-05-25 18:00:00,0,공사 ,노량진로 노량진삼거리 노량진전화국 3차로 주의운전 도로공사 -,126.9377072,37.5134559997222
2021-05-25 09:42:58,,2021-05-25 09:42:00,2021-05-25 18:00:00,0,공사 ,천안논산고속도로 정안휴게소 정안IC 2차로 0km(남풍세IC방향) 갓길 도로청소 도로공사 -,127.114996099722,36.5919511
2021-05-25 09:43:08,,2021-05-25 09:43:00,2021-05-25 18:00:00,0,공사 ,일반국도35호선 12번교차로 양주지하차도 1차로 주의운전 도로공사 -,129.035419490855,35.3466466245846
2021-05-25 09:43:24,,2021-05-25 09:37:00,2021-05-25 10:07:00,1,사고 ,2순환로 가경동1519 터미널지하차도 1차로 주의운전 교통사고,127.431623682359,36.6239960411724
2021-05-25 09:43:31,,2021-05-25 09:43:00,2021-05-25 18:00:00,0,공사 ,지방도1030호선 녹산터널남측 미음터널북측 2차로 주의운전 도로공사 -,128.8343214,35.1492598
2021-05-25 09:44:43,,2021-05-25 09:44:00,2021-05-25 10:14:00,1,사고 ,도봉로 수유시장 수유사거리 3차로 주의운전 교통사고 -,127.0258023,37.6278544
2021-05-25 09:45:26,,2021-05-25 09:45:00,2021-05-25 18:00:00,0,공사 ,오금로 송파경찰서앞교차로 가락현대5차아파트 3차로 주의운전 도로공사 -,127.1308113,37.4996877
2021-05-25 09:45:30,329,2021-05-25 09:37:02,2021-05-25 10:07:00,1,사고 ,2순환로 가경동1519 터미널지하차도 1차로 주의운전 교통사고,127.431623682359,36.6239960411724
2021-05-25 09:46:00,334,2021-05-25 09:43:02,2021-05-25 18:00:00,0,공사 ,일반국도35호선 12번교차로 양주지하차도 1차로 주의운전 도로공사 -,129.035419490855,35.3466466245846
2021-05-25 09:46:34,373,2021-05-25 09:42:02,2021-05-25 18:00:00,0,공사 ,천안논산고속도로 정안휴게소 정안IC 2차로 0km(남풍세IC방향) 갓길 도로청소 도로공사 -,127.114996099722,36.5919511
2021-05-25 09:47:00,377,2021-05-25 09:42:02,2021-05-25 18:00:00,0,공사 ,노량진로 노량진삼거리 노량진전화국 3차로 주의운전 도로공사 -,126.9377072,37.5134559997222
2021-05-25 09:47:27,,2021-05-25 09:47:00,2021-05-25 18:00:00,0,공사 ,여의대방로 공군회관 대림아파트앞교차로 1차로 주의운전 도로공사 -,126.923984899722,37.5092865
2021-05-25 09:47:30,389,2021-05-25 09:42:02,2021-05-25 10:12:00,1,사고 ,공항대로 강서구청입구 조흥은행등촌동지점 4차로 주의운전 교통사고 -,126.854289212662,37.5553134953489
2021-05-25 09:47:51,,2021-05-25 09:47:00,2021-05-25 18:00:00,0,공사 ,서초대로 이수역앞교차로 구산타워 3차로 주의운전 도로공사,126.982937028158,37.4854403095945
2021-05-25 09:47:53,,2021-05-25 09:47:00,2021-05-25 17:00:00,0,공사 ,미사대로 미사ic 미사지하차도 3차로 주의운전 도로공사 -,127.194166666667,37.5772222222222
2021-05-25 09:48:00,400,2021-05-25 09:42:02,2021-05-25 18:00:00,0,공사 ,서빙고로 이촌역앞교차로 한강교회 3차로 주의운전 도로공사 -,126.974132499722,37.5224519
2021-05-25 09:48:01,,2021-05-25 09:47:00,2021-05-25 18:00:00,0,공사 ,옥포로 기세교차로 기세리9691 1차로 주의운전 도로공사 -,128.4895832,35.7650629
2021-05-25 09:48:09,,2021-05-25 09:48:00,2021-05-25 18:00:00,0,공사 ,가운길 다산동5453 다산동711 1차로 주의운전 도로공사 -,127.167844099722,37.5987841
2021-05-25 09:48:30,402,2021-05-25 09:39:02,2021-05-25 18:00:00,0,공사 ,도봉로 체대입시학원 목화빌라 3차로 주의운전 도로공사 -,127.025933262684,37.6271040930721
2021-05-25 09:49:21,,2021-05-25 09:49:00,2021-05-25 18:00:00,0,공사 ,양천로 강서도로사업소 방화2단지 2차로 주의운전 도로공사,126.824770256615,37.5730830465248
2021-05-25 09:49:42,,2021-05-25 09:49:00,2021-05-25 18:00:00,0,공사 ,아차산로 성수사거리 성수역앞교차로 1차로 주의운전 도로공사 -,127.0633457,37.5424891
2021-05-25 09:49:43,,2021-05-25 09:44:49,2021-05-25 12:51:20,0,공사 ,서해안선(0150) (1차로)노면보수작업중 [고속도로]서해안선(0150) (1차로)노면보수작업중,126.4811,35.128
2021-05-25 09:49:46,,2021-05-25 09:49:00,2021-05-25 18:00:00,0,공사 ,여의대방로 성남고교입구 해군회관앞교차로 1차로 주의운전 도로공사 -,126.9224832,37.5056032
2021-05-25 09:49:49,,2021-05-25 09:49:00,2021-05-25 18:00:00,0,공사 ,일반국도44호선 연봉지구 남산교 남측 연봉교차로 1차로 도로개선 공사 도로공사 -,127.8879993,37.687345
2021-05-25 09:50:30,6,2021-05-25 09:44:02,2021-05-25 10:14:00,1,사고 ,도봉로 수유시장 수유사거리 3차로 주의운전 교통사고 -,127.0258023,37.6278544
2021-05-25 09:51:00,10,2021-05-25 09:43:02,2021-05-25 18:00:00,0,공사 ,지방도1030호선 녹산터널남측 미음터널북측 2차로 주의운전 도로공사 -,128.8343214,35.1492598
2021-05-25 09:51:14,,2021-05-25 09:51:00,2021-05-25 18:00:00,0,공사 ,가작5길 삼각동행정복지센터 엘림교회 3차로 주의운전 도로공사 -,126.9002173,35.1985023
2021-05-25 09:53:37,,2021-05-25 09:52:00,2021-05-25 18:00:00,0,공사 ,기장대로 기장 청강공영주차장 기장 연화리  3차로 주의운전 도로공사 -,129.2122995,35.221542
2021-05-25 09:54:30,,2021-05-25 09:54:00,2021-05-25 18:00:00,0,공사 ,정릉로26길 정릉2파출소 새마을지도자정릉2동부 1차로 주의운전 도로공사 -,127.0100367,37.6050091
2021-05-25 09:54:46,,2021-05-25 09:54:00,2021-05-25 18:00:00,0,공사 ,남부순환로 신림역 난곡사거리 3차로 주의운전 도로공사 -,126.9145577,37.4820419
2021-05-25 09:55:03,,2021-05-25 09:54:00,2021-05-25 18:00:00,0,공사 ,일반국도7호선 제2지하차도 초량교차로 1차로 주의운전 도로공사 -,129.0422464,35.1203206
2021-05-25 09:56:36,,2021-05-25 09:56:00,2021-05-25 10:26:00,1,사고 ,한천로 우이시장 국립419민주묘지입구사거리 3차로 주의운전 차량고장 -,127.0190172,37.6456472
2021-05-25 09:57:29,,2021-05-25 09:57:00,2021-05-25 10:27:00,1,사고 ,일반국도1호선 경보빌딩 마이골프랜드 1차로 주의운전 교통사고 -,126.9146981,37.5953859
2021-05-25 09:58:07,,2021-05-25 09:57:00,2021-05-25 10:27:00,1,사고 ,동소문로 미아리고개 이북오도신문사 3차로 주의운전 교통사고,127.021856002081,37.5986559163951
2021-05-25 09:58:38,,2021-05-25 09:58:00,2021-05-25 18:00:00,0,공사 ,무진대로 쌍촌동632 상무주공아파트앞교차로 7차로 주의운전 도로공사 -,126.864530105826,35.1619422791964
2021-05-25 09:58:42,,2021-05-25 09:58:00,2021-05-25 13:00:00,0,공사 ,한천로 강북구청사거리 쌍문시장 2차로 주의운전 도로공사 -,127.0268328,37.6401726
2021-05-25 09:59:45,,2021-05-25 09:55:15,2021-05-25 13:01:21,0,공사 ,서천공주선(1510) (갓길)교통안전시설물보완작업중 [고속도로]서천공주선(1510) (갓길)교통안전시설물보완작업중,126.8545,36.2996
2021-05-25 09:59:45,,2021-05-25 09:56:25,2021-05-25 13:01:21,0,공사 ,서천공주선(1510) (갓길)노면안내차로작업중 [고속도로]서천공주선(1510) (갓길)노면안내차로작업중,126.9599,36.378
2021-05-25 09:59:45,,2021-05-25 09:57:21,2021-05-25 13:01:21,0,공사 ,호남지선(2510) (갓길)잡목제거작업중 [고속도로]호남지선(2510) (갓길)잡목제거작업중,127.3306,36.362
2021-05-25 09:59:48,,2021-05-25 09:59:00,2021-05-25 18:00:00,0,공사 ,안양로 벨벳스튜디오 안양농협남부지점 1차로 주의운전 도로공사 -,126.929140188889,37.38978115
2021-05-25 10:00:30,156,2021-05-25 09:57:02,2021-05-25 10:27:00,1,사고 ,동소문로 미아리고개 이북오도신문사 3차로 주의운전 교통사고,127.021856002081,37.5986559163951
2021-05-25 10:00:48,,2021-05-25 10:00:00,2021-05-25 18:00:00,0,공사 ,상무대로 농성지하차도 농성교차로 4차로 주의운전 도로공사 -,126.8854427,35.1536751
2021-05-25 10:01:00,160,2021-05-25 09:57:02,2021-05-25 10:27:00,1,사고 ,일반국도1호선 경보빌딩 마이골프랜드 1차로 주의운전 교통사고 -,126.9146981,37.5953859
2021-05-25 10:01:29,,2021-05-25 10:01:00,2021-05-25 18:00:00,0,공사 ,동서로 그리심중앙교회 홍도육교동측 4차로 주의운전 도로공사 -,127.4291567,36.3452501
2021-05-25 10:01:30,189,2021-05-25 09:56:02,2021-05-25 10:26:00,1,사고 ,한천로 우이시장 국립419민주묘지입구사거리 3차로 주의운전 차량고장 -,127.0190172,37.6456472
2021-05-25 10:01:33,,2021-05-25 10:01:00,2021-05-25 18:00:00,0,공사 ,중앙로 왜관소방서앞사거리 왜관과선교 진행방향 전체차로 주의운전 도로공사 반대 차선 확인 요망,128.3975312,35.9987421
2021-05-25 10:02:00,198,2021-05-25 09:54:02,2021-05-25 18:00:00,0,공사 ,일반국도7호선 제2지하차도 초량교차로 1차로 주의운전 도로공사 -,129.0422464,35.1203206
2021-05-25 10:02:30,210,2021-05-25 09:54:02,2021-05-25 18:00:00,0,공사 ,남부순환로 신림역 난곡사거리 3차로 주의운전 도로공사 -,126.9145577,37.4820419
2021-05-25 10:02:49,,2021-05-25 10:02:00,2021-05-25 18:00:00,0,공사 ,일반국도5호선 사일교 사일교 진행방향 전체차로 철도이설및보수공사주 도로공사 반대 차선 확인 요망,128.6316086,36.79705
2021-05-25 10:02:57,,2021-05-25 10:02:00,2021-05-25 18:00:00,0,공사 ,중부내륙고속도로 충주TG 충주IC 1차로 0km(방향) 충주톨게이트 화물 하이패스 부스 노면공사 시설물보수 -,127.841151972222,36.973112
2021-05-25 10:03:00,,2021-05-25 10:02:00,2021-05-25 18:00:00,0,공사 ,지방도1021호선 세포큰길2 보편적리빙 1차로 도로확장공사로 2개 차로 통제중 도로공사 -,128.3918962,34.8195678
2021-05-25 10:03:01,219,2021-05-25 09:54:02,2021-05-25 18:00:00,0,공사 ,정릉로26길 정릉2파출소 새마을지도자정릉2동부 1차로 주의운전 도로공사 -,127.0100367,37.6050091
2021-05-25 10:03:05,,2021-05-25 10:03:00,2021-05-25 18:00:00,0,공사 ,안골로 샬롬어린이집 세무서입구삼거리 1차로 주의운전 도로공사 -,127.1306111,37.5987185
2021-05-25 10:03:31,222,2021-05-25 09:52:02,2021-05-25 18:00:00,0,공사 ,기장대로 기장 청강공영주차장 기장 연화리  3차로 주의운전 도로공사 -,129.2122995,35.221542
2021-05-25 10:03:39,,2021-05-25 10:03:00,2021-05-25 18:00:00,0,공사 ,금곡길 송림파출소앞교차로 동인천통일교회 1차로 주의운전 도로공사 -,126.6459572,37.4740423
2021-05-25 10:04:16,,2021-05-25 10:04:00,2021-05-25 18:00:00,0,공사 ,계동로102번길 대청프라자사거리 갑오주공3단지입구교차로 1차로 주의운전 도로공사 -,128.7977714,35.1862724
2021-05-25 10:04:36,,2021-05-25 10:03:00,2021-05-25 10:30:00,0,공사 ,미사대로 조정경기장교차로 미사대로(팔당대교방향) 2차로 횡단보도 긴급보수 우회전 주의운전 도로공사 -,127.203611111111,37.56
2021-05-25 10:04:46,,2021-05-25 10:02:48,2021-05-25 13:06:21,0,공사 ,영동선(0500) (노즈부)충격흡수시설교체작업중 [고속도로]영동선(0500) (노즈부)충격흡수시설교체작업중,127.0248,37.3136
2021-05-25 10:04:49,,2021-05-25 10:04:00,2021-05-25 18:00:00,0,공사 ,문산2길 문흥육교 동문로사거리 1,2차로 주의운전 도로공사 -,126.933807140587,35.189424183857
2021-05-25 10:05:09,,2021-05-25 10:05:00,2021-05-25 18:00:00,0,공사 ,병목안로 병목안로6 중앙사거리 1차로 주의운전 도로공사 -,126.921126727778,37.3991192055556
2021-05-25 10:06:40,,2021-05-25 10:06:00,2021-05-25 18:00:00,0,공사 ,한밭대로 덕명네거리 구암동514 3차로 주의운전 도로공사 -,127.3057397,36.3608046
2021-05-25 10:07:27,,2021-05-25 10:07:00,2021-05-25 10:37:00,1,사고 ,남부순환로 수서IC 일원에코파크앞 1차로 주의운전 교통사고 -,127.090709432019,37.4960931469916
2021-05-25 10:07:28,,2021-05-25 10:07:00,2021-05-25 18:00:00,0,공사 ,덕천로 덕천주공아파트교차로 구포시장앞교차로 1차로 주의운전 도로공사 -,129.0065325,35.2075812
2021-05-25 10:07:59,,2021-05-25 10:07:00,2021-05-25 18:00:00,0,공사 ,방배로 방배삼호아파트앞교차로 함지박사거리 2차로 주의운전 도로공사 -,126.9878325,37.4968393
2021-05-25 10:08:10,,2021-05-25 10:08:00,2021-05-25 10:38:00,1,사고 ,일반국도87호선 반월아트홀입구삼거리 한내사거리 진행방향 전체차로 주의운전 교통사고 -,127.210391699291,37.8949509237357
2021-05-25 10:09:01,,2021-05-25 10:08:00,2021-05-25 18:00:00,0,공사 ,송촌성당앞 인도시설공사 송촌성당 송촌네거리 1차로 3차로 통제 인도시설물 공사중 후미지체 위험  시설물보수 -,127.4453862,36.3619771
2021-05-25 10:09:47,,2021-05-25 10:06:00,2021-05-25 13:11:22,0,공사 ,경인선(1200) (13차로)편차점검작업중 [고속도로]경인선(1200) (13차로)편차점검작업중,126.7486,37.524
2021-05-25 10:09:47,,2021-05-25 10:06:29,2021-05-25 13:11:22,0,공사 ,남해선(순천-부산)(0100) (갓길)시설물보수작업중 [고속도로]남해선(순천-부산)(0100) (갓길)시설물보수작업중,127.908,35.0432
2021-05-25 10:09:47,,2021-05-25 10:07:54,2021-05-25 13:11:22,0,공사 ,서해안선(0150) (갓길)가로등점검작업중 [고속도로]서해안선(0150) (갓길)가로등점검작업중,126.7924,36.9428
2021-05-25 10:10:06,,2021-05-25 10:09:00,2021-05-25 18:00:00,0,공사 ,승학로 서인천중앙교회 검암사거리 2차로 주의운전 시설물보수 -,126.6753377,37.5649682997222
2021-05-25 10:10:21,,2021-05-25 10:10:00,2021-05-25 18:00:00,0,공사 ,서해안고속도로 무안1교 목포TG 1차로 0km(일로IC방향) 주의운전 도로공사 -,126.4982478,34.9275303
2021-05-25 10:10:31,306,2021-05-25 10:08:02,2021-05-25 10:38:00,1,사고 ,일반국도87호선 반월아트홀입구삼거리 한내사거리 진행방향 전체차로 주의운전 교통사고 -,127.210391699291,37.8949509237357
2021-05-25 10:10:37,,2021-05-25 10:10:00,2021-05-25 18:00:00,0,공사 ,방배로 단지빌딩앞 함지박사거리 2차로 주의운전 도로공사 -,126.99190353831,37.490621827579
2021-05-25 10:11:01,311,2021-05-25 10:07:02,2021-05-25 18:00:00,0,공사 ,방배로 방배삼호아파트앞교차로 함지박사거리 2차로 주의운전 도로공사 -,126.9878325,37.4968393
2021-05-25 10:11:30,341,2021-05-25 10:07:02,2021-05-25 18:00:00,0,공사 ,덕천로 덕천주공아파트교차로 구포시장앞교차로 1차로 주의운전 도로공사 -,129.0065325,35.2075812
2021-05-25 10:12:00,354,2021-05-25 10:07:02,2021-05-25 10:37:00,1,사고 ,남부순환로 수서IC 일원에코파크앞 1차로 주의운전 교통사고 -,127.090709432019,37.4960931469916
2021-05-25 10:12:28,,2021-05-25 10:12:00,2021-05-25 18:00:00,0,공사 ,해운대해변로 해운대온천사거리 해운대경남아너스빌아파트 3차로 주의운전 도로공사 -,129.1692529,35.1637318
2021-05-25 10:12:30,369,2021-05-25 10:06:02,2021-05-25 18:00:00,0,공사 ,한밭대로 덕명네거리 구암동514 3차로 주의운전 도로공사 -,127.3057397,36.3608046
2021-05-25 10:12:53,,2021-05-25 10:12:00,2021-05-25 18:00:00,0,공사 ,덕릉로 번동사거리 오패산터널 3차로 주의운전 하수관거 작업 -,127.0324532,37.6354111
2021-05-25 10:13:00,377,2021-05-25 10:05:02,2021-05-25 18:00:00,0,공사 ,병목안로 병목안로6 중앙사거리 1차로 주의운전 도로공사 -,126.921126727778,37.3991192055556
2021-05-25 10:13:12,,2021-05-25 10:13:00,2021-05-25 18:00:00,0,공사 ,일반국도1호선 세동교 세동교 1차로 주의운전 도로공사 -,127.2646067,36.3133783
2021-05-25 10:13:18,,2021-05-25 10:13:00,2021-05-25 10:43:00,2,통제 ,신선로 퍼피인 대연고가교동측 1차로 주의운전 공사 -,129.107980099722,35.132466
2021-05-25 10:13:28,,2021-05-25 10:13:00,2021-05-25 18:00:00,0,공사 ,올림픽로 송파구청앞교차로 올림픽공원앞교차로 4차로 주의운전 도로공사 -,127.107574849245,37.515616051351
2021-05-25 10:13:30,380,2021-05-25 10:04:02,2021-05-25 18:00:00,0,공사 ,문산2길 문흥육교 동문로사거리 1,2차로 주의운전 도로공사 -,126.933807140587,35.189424183857
2021-05-25 10:14:14,,2021-05-25 10:14:00,2021-05-25 10:44:00,1,사고 ,제2경인고속도로 남동IC동측 남동IC서측 1차로 0km(남동IC방향) 주의운전 차량고장 -,126.7100901,37.4342469
2021-05-25 10:14:30,1,2021-05-25 10:03:02,2021-05-25 10:30:00,0,공사 ,미사대로 조정경기장교차로 미사대로(팔당대교방향) 2차로 횡단보도 긴급보수 우회전 주의운전 도로공사 -,127.203611111111,37.56
2021-05-25 10:14:31,,2021-05-25 10:14:00,2021-05-25 18:00:00,0,공사 ,중앙로 대전역지하차도 동서교 3차로 주의운전 도로공사 -,127.4386471,36.3333231
2021-05-25 10:14:49,,2021-05-25 10:11:41,2021-05-25 13:16:22,0,공사 ,서해안선(0150) (1차로)노면보수작업중 [고속도로]서해안선(0150) (1차로)노면보수작업중,126.5028,34.9405
2021-05-25 10:15:30,7,2021-05-25 10:14:02,2021-05-25 10:44:00,1,사고 ,제2경인고속도로 남동IC동측 남동IC서측 1차로 0km(남동IC방향) 주의운전 차량고장 -,126.7100901,37.4342469
2021-05-25 10:15:37,,2021-05-25 10:15:00,2021-05-25 18:00:00,0,공사 ,강변북로 성수동1가685717 서울숲입구 1차로 주의운전 도로공사 -,127.034082,37.5448244
2021-05-25 10:16:00,10,2021-05-25 10:13:02,2021-05-25 18:00:00,0,공사 ,올림픽로 송파구청앞교차로 올림픽공원앞교차로 4차로 주의운전 도로공사 -,127.107574849245,37.515616051351
2021-05-25 10:16:30,42,2021-05-25 10:13:02,2021-05-25 10:43:00,2,통제 ,신선로 퍼피인 대연고가교동측 1차로 주의운전 공사 -,129.107980099722,35.132466
2021-05-25 10:17:00,51,2021-05-25 10:13:02,2021-05-25 18:00:00,0,공사 ,일반국도1호선 세동교 세동교 1차로 주의운전 도로공사 -,127.2646067,36.3133783
2021-05-25 10:17:30,65,2021-05-25 10:12:02,2021-05-25 18:00:00,0,공사 ,덕릉로 번동사거리 오패산터널 3차로 주의운전 하수관거 작업 -,127.0324532,37.6354111
2021-05-25 10:17:34,,2021-05-25 10:17:00,2021-05-25 18:00:00,0,공사 ,일반국도1호선 광천2교 광천4거리 1차로 주의운전 도로공사 -,126.8842141,35.1682999
2021-05-25 10:18:00,75,2021-05-25 10:12:02,2021-05-25 18:00:00,0,공사 ,해운대해변로 해운대온천사거리 해운대경남아너스빌아파트 3차로 주의운전 도로공사 -,129.1692529,35.1637318
2021-05-25 10:18:09,,2021-05-25 10:18:00,2021-05-25 18:00:00,0,공사 ,서해안고속도로 일로IC 목포TG 1차로 0km(무안IC방향) 주의운전 도로공사 -,126.4857042,34.8618072
2021-05-25 10:18:10,,2021-05-25 10:18:00,2021-05-25 18:00:00,0,공사 ,남북로 평화동312106 동백예식장 1차로 주의운전 도로공사 -,126.9429683,35.9300965
2021-05-25 10:18:30,78,2021-05-25 10:10:02,2021-05-25 18:00:00,0,공사 ,방배로 단지빌딩앞 함지박사거리 2차로 주의운전 도로공사 -,126.99190353831,37.490621827579
2021-05-25 10:18:47,,2021-05-25 10:18:00,2021-05-25 18:00:00,0,공사 ,방배로 경남아파트앞교차로 방배역사거리 3차로 주의운전 도로공사 -,126.99996154894,37.4781506444903
2021-05-25 10:19:00,81,2021-05-25 10:10:02,2021-05-25 18:00:00,0,공사 ,서해안고속도로 무안1교 목포TG 1차로 0km(일로IC방향) 주의운전 도로공사 -,126.4982478,34.9275303
2021-05-25 10:19:04,,2021-05-25 10:18:00,2021-05-25 18:00:00,0,공사 ,서암로 안보회관앞교차로 SOil신흥 2차로 주의운전 도로공사 -,126.9156366,35.1657588
2021-05-25 10:19:30,84,2021-05-25 10:09:02,2021-05-25 18:00:00,0,공사 ,승학로 서인천중앙교회 검암사거리 2차로 주의운전 시설물보수 -,126.6753377,37.5649682997222
2021-05-25 10:19:45,,2021-05-25 10:19:00,2021-05-25 18:00:00,0,공사 ,망우로 동일로지하차도앞교차로 동부시장앞교차로 3차로 주의운전 도로공사 -,127.07901723656,37.59472874617
2021-05-25 10:19:50,,2021-05-25 10:14:19,2021-05-25 13:21:22,0,공사 ,당진대전선(0301) (갓길)오뚜기설치작업중 [고속도로]당진대전선(0301) (갓길)오뚜기설치작업중,126.6184,36.8509
2021-05-25 10:19:50,,2021-05-25 10:14:34,2021-05-25 13:21:22,0,공사 ,경부선(0010) (1,2차로)노면보수작업중 [고속도로]경부선(0010) (1,2차로)노면보수작업중,128.1447,36.1269
2021-05-25 10:19:50,,2021-05-25 10:15:41,2021-05-25 13:21:22,0,공사 ,호남선(0251) (1차로)시설물보수작업중 [고속도로]호남선(0251) (1차로)시설물보수작업중,127.2567,35.1425
2021-05-25 10:19:50,,2021-05-25 10:16:12,2021-05-25 13:21:22,0,공사 ,대전남부선(3000) (1차로)교량정밀조사작업중 [고속도로]대전남부선(3000) (1차로)교량정밀조사작업중,127.3936,36.2796
2021-05-25 10:20:26,,2021-05-25 10:19:00,2021-05-25 18:00:00,0,공사 ,중앙초-기계공고 방면 연흥청사진관 청주중앙신용협동조합 1차로 주의운전 도로공사 -,127.4872197,36.6405001
2021-05-25 10:20:28,,2021-05-25 10:19:00,2021-05-25 10:49:00,1,사고 ,올림픽대로 여의상류나들목 한강철교 1차로 서행 고장 차량 서울청,126.948804252729,37.5166744020445
2021-05-25 10:20:44,,2021-05-25 10:20:00,2021-05-25 10:50:00,2,행사 ,일반국도4호선 중리네거리 용전네거리 3차로 주의운전 행사 -,127.4408485,36.3224886
2021-05-25 10:21:03,,2021-05-25 10:20:00,2021-05-25 18:00:00,0,공사 ,일반국도23호선 월림교차로 녹원리산2436 1차로 안전운전  도로공사 -,126.9269338,34.6018762
2021-05-25 10:21:14,,2021-05-25 10:21:00,2021-05-25 18:00:00,0,공사 ,해밀예당3로 신한은행진접지점 광능성당성당동 2차로 주의운전 도로공사 -,127.1967132,37.7201288
2021-05-25 10:21:21,,2021-05-25 10:21:00,2021-05-25 10:51:00,2,통제 ,원두로 평동산단5번좌로2 오엠앞 1차로 주의운전 공사 -,126.772011,35.1218642
2021-05-25 10:21:37,,2021-05-25 10:21:00,2021-05-25 18:00:00,0,공사 ,서곶로 심곡사거리 연희사거리 3차로 주의운전 도로공사 -,126.676944444444,37.5425
2021-05-25 10:23:27,,2021-05-25 10:23:00,2021-05-25 18:00:00,0,공사 ,오금로 백제고분로주유소 방이사거리 3차로 주의운전 시설물보수 -,127.111652972037,37.5104627496635
2021-05-25 10:23:35,,2021-05-25 10:23:00,2021-05-25 10:53:00,1,사고 ,소성로 인성교회 지캠프 2차로 주의운전 교통사고 -,126.6761827,37.4381731
2021-05-25 10:24:05,,2021-05-25 10:22:00,2021-05-25 18:00:00,0,공사 ,강남로 진주교 경남문화예술회관 2차로 주의운전 도로공사 -,128.086525999722,35.1885534997222
2021-05-25 10:24:21,,2021-05-25 10:23:00,2021-05-25 18:00:00,0,공사 ,계족로 대동지하차도 대동지하차도 1차로 주의운전 시설물보수 -,127.443438,36.3290073
2021-05-25 10:25:03,,2021-05-25 10:24:00,2021-05-25 18:00:00,0,공사 ,가락로 연지지구대 대우아파트사거리 1차로 2차로 전기시설물 보수 시설물보수 -,128.8800583,35.2387894
2021-05-25 10:25:31,71,2021-05-25 10:23:02,2021-05-25 10:53:00,1,사고 ,소성로 인성교회 지캠프 2차로 주의운전 교통사고 -,126.6761827,37.4381731
2021-05-25 10:26:01,76,2021-05-25 10:23:02,2021-05-25 18:00:00,0,공사 ,오금로 백제고분로주유소 방이사거리 3차로 주의운전 시설물보수 -,127.111652972037,37.5104627496635
2021-05-25 10:26:08,,2021-05-25 18:00:00,2021-05-25 18:00:00,0,공사 ,유림로 상무주공아파트앞교차로 유덕초등학교병설유치원 2차로 주의운전 도로공사 -,126.8648611,35.1613407
2021-05-25 10:26:31,105,2021-05-25 10:21:02,2021-05-25 18:00:00,0,공사 ,서곶로 심곡사거리 연희사거리 3차로 주의운전 도로공사 -,126.676944444444,37.5425
2021-05-25 10:27:01,112,2021-05-25 10:21:02,2021-05-25 10:51:00,2,통제 ,원두로 평동산단5번좌로2 오엠앞 1차로 주의운전 공사 -,126.772011,35.1218642
2021-05-25 10:27:31,126,2021-05-25 10:21:02,2021-05-25 18:00:00,0,공사 ,해밀예당3로 신한은행진접지점 광능성당성당동 2차로 주의운전 도로공사 -,127.1967132,37.7201288
2021-05-25 10:27:36,,2021-05-25 10:27:00,2021-05-25 10:57:00,1,사고 ,서초대로 내방역앞교차로 방배사거리 4차로 주의운전 고장 차량,126.990160341757,37.486686124963
2021-05-25 10:27:46,,2021-05-25 10:27:00,2021-05-25 18:00:00,0,공사 ,양재대로 서초구과천시 서울오토갤러리금관 6차로 주의운전 도로공사 -,127.034840009923,37.460077359637
2021-05-25 10:27:54,,2021-05-25 10:27:00,2021-05-25 18:00:00,0,공사 ,은평로 신사1동사무소 신사동고개교차로 2차로 주의운전 도로공사 -,126.9104947,37.5980508
2021-05-25 10:28:01,136,2021-05-25 10:20:02,2021-05-25 18:00:00,0,공사 ,일반국도23호선 월림교차로 녹원리산2436 1차로 안전운전  도로공사 -,126.9269338,34.6018762
2021-05-25 10:28:31,139,2021-05-25 10:20:02,2021-05-25 10:50:00,2,행사 ,일반국도4호선 중리네거리 용전네거리 3차로 주의운전 행사 -,127.4408485,36.3224886
2021-05-25 10:28:34,,2021-05-25 10:27:00,2021-05-25 18:00:00,0,공사 ,회덕파출소앞 하수관로 공사  회덕파출소  읍내삼거리 3차로 하수관로 공사 후미지체 위험  하수관거 작업 -,127.4208417,36.3766278
2021-05-25 10:29:01,142,2021-05-25 10:19:02,2021-05-25 10:49:00,1,사고 ,올림픽대로 여의상류나들목 한강철교 1차로 서행 고장 차량 서울청,126.948804252729,37.5166744020445
2021-05-25 10:29:03,,2021-05-25 10:28:00,2021-05-25 18:00:00,0,공사 ,달서천로 서평지하차도 위생처리장사거리 2차로 주의운전 하수도/배수로 작업 -,128.546045999722,35.882783
2021-05-25 10:29:31,147,2021-05-25 10:19:02,2021-05-25 18:00:00,0,공사 ,중앙초-기계공고 방면 연흥청사진관 청주중앙신용협동조합 1차로 주의운전 도로공사 -,127.4872197,36.6405001
2021-05-25 10:29:53,,2021-05-25 09:19:57,2021-05-25 13:31:23,0,공사 ,서해안선(0150) (2차로,갓길)긴급팻칭이동작업중 [고속도로]서해안선(0150) (2차로,갓길)긴급팻칭이동작업중,126.8111,35.9971
2021-05-25 10:29:54,,2021-05-25 10:29:43,2021-05-25 13:31:23,0,공사 ,순천완주선(0270) (2차로)교량점검작업중 [고속도로]순천완주선(0270) (2차로)교량점검작업중,127.2172,35.7686
2021-05-25 10:30:10,,2021-05-25 10:29:00,2021-05-25 10:59:00,1,사고 ,일반국도3호선 복정역앞교차로 장지교앞교차로 5차로 주의운전 교통사고 -,127.127001,37.4725063
2021-05-25 10:30:19,,2021-05-25 10:29:00,2021-05-25 10:59:00,1,사고 ,동부간선도로 군자교 성동교 1차로 서행 교통사고 서울청,127.046291662961,37.552378581335
2021-05-25 10:30:31,159,2021-05-25 10:27:02,2021-05-25 10:57:00,1,사고 ,서초대로 내방역앞교차로 방배사거리 4차로 주의운전 고장 차량,126.990160341757,37.486686124963
2021-05-25 10:31:01,164,2021-05-25 18:00:02,2021-05-25 18:00:00,0,공사 ,유림로 상무주공아파트앞교차로 유덕초등학교병설유치원 2차로 주의운전 도로공사 -,126.8648611,35.1613407
2021-05-25 10:31:35,205,2021-05-25 10:24:02,2021-05-25 18:00:00,0,공사 ,가락로 연지지구대 대우아파트사거리 1차로 2차로 전기시설물 보수 시설물보수 -,128.8800583,35.2387894
2021-05-25 10:32:00,208,2021-05-25 10:23:02,2021-05-25 18:00:00,0,공사 ,계족로 대동지하차도 대동지하차도 1차로 주의운전 시설물보수 -,127.443438,36.3290073
2021-05-25 10:32:30,221,2021-05-25 10:22:02,2021-05-25 18:00:00,0,공사 ,강남로 진주교 경남문화예술회관 2차로 주의운전 도로공사 -,128.086525999722,35.1885534997222
2021-05-25 10:33:10,,2021-05-25 10:32:00,2021-05-25 18:00:00,0,공사 ,분성로288번길 김새도서관앞사거리 전하교 1차로 재해지구정비공사 우회하세요 도로공사 -,128.8771131,35.2288604
2021-05-25 10:33:13,,2021-05-25 10:33:00,2021-05-25 18:00:00,0,공사 ,일반국도7호선 소동리마을앞교차로 덕장정미소 1차로 주의운전 도로공사 -,129.349227777778,36.1413388888889
2021-05-25 10:34:11,,2021-05-25 10:33:00,2021-05-25 11:03:00,1,사고 ,동부간선도로 군자교 방면에서 성수대교방향 1차로 주의운전 교통사고 -,127.0449544,37.5511113
2021-05-25 10:35:30,241,2021-05-25 10:33:02,2021-05-25 11:03:00,1,사고 ,동부간선도로 군자교 방면에서 성수대교방향 1차로 주의운전 교통사고 -,127.0449544,37.5511113
2021-05-25 10:36:00,245,2021-05-25 10:33:02,2021-05-25 18:00:00,0,공사 ,일반국도7호선 소동리마을앞교차로 덕장정미소 1차로 주의운전 도로공사 -,129.349227777778,36.1413388888889
2021-05-25 10:36:30,276,2021-05-25 10:32:02,2021-05-25 18:00:00,0,공사 ,분성로288번길 김새도서관앞사거리 전하교 1차로 재해지구정비공사 우회하세요 도로공사 -,128.8771131,35.2288604
2021-05-25 10:37:00,287,2021-05-25 10:29:02,2021-05-25 10:59:00,1,사고 ,동부간선도로 군자교 성동교 1차로 서행 교통사고 서울청,127.046291662961,37.552378581335
2021-05-25 10:37:33,305,2021-05-25 10:29:02,2021-05-25 10:59:00,1,사고 ,일반국도3호선 복정역앞교차로 장지교앞교차로 5차로 주의운전 교통사고 -,127.127001,37.4725063
2021-05-25 10:38:06,,2021-05-25 10:38:00,2021-05-25 11:08:00,1,사고 ,남부순환로 시흥IC 가리봉고가차도 4차로 주의운전 고장 차량 -,126.893982510586,37.4787497413794
2021-05-25 10:38:38,,2021-05-25 10:38:00,2021-05-25 18:00:00,0,공사 ,서초대로 서초역사거리 법원사거리 1차로 주의운전 도로공사 -,127.008626239438,37.4920899543363
2021-05-25 10:38:40,,2021-05-25 10:38:00,2021-05-25 18:00:00,0,공사 ,한강대로77길 남영역앞교차로 남영동삼거리 2차로 주의운전 도로공사 추가내용,126.971458843889,37.5417937511394
2021-05-25 10:39:00,310,2021-05-25 10:28:02,2021-05-25 18:00:00,0,공사 ,달서천로 서평지하차도 위생처리장사거리 2차로 주의운전 하수도/배수로 작업 -,128.546045999722,35.882783
2021-05-25 10:40:30,319,2021-05-25 10:38:02,2021-05-25 11:08:00,1,사고 ,남부순환로 시흥IC 가리봉고가차도 4차로 주의운전 고장 차량 -,126.893982510586,37.4787497413794
2021-05-25 10:40:31,,2021-05-25 10:39:00,2021-05-25 11:09:00,1,사고 ,영동고속도로 하 부곡IC동측 북수원IC서측 1차로 27km(북수원IC방향) 차량고장으로 갓길정차 차량고장 -,126.9887239,37.3189682
2021-05-25 10:41:08,,2021-05-25 10:41:00,2021-05-25 18:00:00,0,공사 ,장도로 장도로10 장도로4 1차로 주의운전 도로공사 -,126.7361266,37.4050585
2021-05-25 10:41:18,,2021-05-25 10:40:00,2021-05-25 12:00:00,0,공사 ,삼일대로 바다와섬여행사진 종로세무서 3차로 주의운전 도로공사 -,126.9868484,37.5744806
2021-05-25 10:42:47,,2021-05-25 10:42:00,2021-05-25 11:12:00,2,행사 ,시청북1길 특허법원 KB손해보험동대전영업소 1차로 후미상황 통행주의 집회 -,127.38513835794,36.3545610442897
2021-05-25 10:43:12,,2021-05-25 10:42:00,2021-05-25 18:00:00,0,공사 ,갑천고속 한밭요금소 도로공사 갑천고속(원촌교) 갑천고속(한밭요금소) 1차로 도로공사중 후미지체 위험  도로공사 -,127.3955758,36.3647431
2021-05-25 10:44:38,,2021-05-25 10:44:00,2021-05-25 18:00:00,0,공사 ,서빙고로 이촌역앞교차로 한강교회 1차로 주의운전 하수관거 작업 -,126.9817876,37.5199562
2021-05-25 10:44:48,,2021-05-25 10:44:00,2021-05-25 18:00:00,0,공사 ,개포로 서울강남우체국 수서경찰서 1차로 주의운전 도로공사 -,127.076725,37.49312
2021-05-25 10:44:58,,2021-05-25 10:38:46,2021-05-25 13:46:24,0,공사 ,통영대전선(0351) (갓길)시설물보수작업중 [고속도로]통영대전선(0351) (갓길)시설물보수작업중,127.7662,35.5843
2021-05-25 10:44:58,,2021-05-25 10:40:30,2021-05-25 13:46:24,0,공사 ,경부선(0010) (갓길)도수로설치작업중 [고속도로]경부선(0010) (갓길)도수로설치작업중,127.9783,36.2119
2021-05-25 10:45:15,,2021-05-25 10:45:00,2021-05-25 18:00:00,0,공사 ,공단5길 더모닝 오일뱅크은빛 진행방향 전체차로 도로공사작업 하위차로 주의운전 도로공사 -,127.4132906,36.3739615
2021-05-25 10:45:30,389,2021-05-25 10:39:02,2021-05-25 11:09:00,1,사고 ,영동고속도로 하 부곡IC동측 북수원IC서측 1차로 27km(북수원IC방향) 차량고장으로 갓길정차 차량고장 -,126.9887239,37.3189682
2021-05-25 10:46:00,394,2021-05-25 10:38:02,2021-05-25 18:00:00,0,공사 ,한강대로77길 남영역앞교차로 남영동삼거리 2차로 주의운전 도로공사 추가내용,126.971458843889,37.5417937511394
2021-05-25 10:46:30,424,2021-05-25 10:38:02,2021-05-25 18:00:00,0,공사 ,서초대로 서초역사거리 법원사거리 1차로 주의운전 도로공사 -,127.008626239438,37.4920899543363
2021-05-25 10:46:36,,2021-05-25 10:45:00,2021-05-25 18:00:00,0,공사 ,당진영덕고속도로 예산수덕사IC 당진 2차로 14km(방향) 주의운전 도로공사 -,126.780143576849,36.6755574500182
2021-05-25 10:47:19,,2021-05-25 10:46:00,2021-05-25 18:00:00,0,공사 ,죽림로 만흥IC 만덕사거리  1차로 주의운전 도로공사 -,127.7067825,34.7637103
2021-05-25 10:48:06,,2021-05-25 10:47:00,2021-05-25 18:00:00,0,공사 ,국가지원지방도23호선 한국인터넷진흥원 시흥사거리 1차로 주의운전 도로공사 -,127.1037917,37.4207991
2021-05-25 10:49:20,,2021-05-25 10:49:00,2021-05-25 18:00:00,0,공사 ,벌말로 벌말삼거리 토평초교삼거리 2차로 주의운전 도로공사 -,127.148055555556,37.5869444444445
2021-05-25 10:49:25,,2021-05-25 10:49:00,2021-05-25 11:19:00,1,사고 ,일반국도43호선 구신북대교교차로 철원방향 진행방향 전체차로 주의운전 교통사고 -,127.214639681558,37.9115519979611
2021-05-25 10:49:51,,2021-05-25 10:49:00,2021-05-25 14:00:00,0,공사 ,서소문로 서소문고가차도동측 서소문고가차도서측 2차로 주의운전 하수관거 작업 -,126.9709342,37.562432
2021-05-25 10:50:25,,2021-05-25 10:50:00,2021-05-25 18:00:00,0,공사 ,굴포로 갈삼사거리 굴포로110 1차로 주의운전 도로공사 -,126.7326854,37.5114966
2021-05-25 10:52:41,,2021-05-25 10:52:00,2021-05-25 18:00:00,0,공사 ,일반국도5호선 화원IC삼거리 기세교동측 3차로 주의운전 도로공사 -,128.4822677,35.7950226
2021-05-25 10:52:58,,2021-05-25 10:52:00,2021-05-25 18:00:00,0,공사 ,평천로 해든교회 삼산삼거리 1차로 주의운전 도로공사 -,126.7353208,37.5158054
2021-05-25 10:54:34,,2021-05-25 10:54:00,2021-05-25 18:00:00,0,공사 ,고잔로 농협사거리 KB국민은행안산종합금융센터 1차로 주의운전 시설물보수 -,126.832055730932,37.3192301531393
2021-05-25 10:55:00,,2021-05-25 10:49:26,2021-05-25 13:56:24,0,공사 ,서해안선(0150) (진출로갓길)가드레일설치작업중 [고속도로]서해안선(0150) (진출로갓길)가드레일설치작업중,126.894,37.3097
2021-05-25 10:55:30,542,2021-05-25 10:49:02,2021-05-25 11:19:00,1,사고 ,일반국도43호선 구신북대교교차로 철원방향 진행방향 전체차로 주의운전 교통사고 -,127.214639681558,37.9115519979611
2021-05-25 10:56:00,547,2021-05-25 10:49:02,2021-05-25 18:00:00,0,공사 ,벌말로 벌말삼거리 토평초교삼거리 2차로 주의운전 도로공사 -,127.148055555556,37.5869444444445
2021-05-25 10:56:39,595,2021-05-25 10:47:02,2021-05-25 18:00:00,0,공사 ,국가지원지방도23호선 한국인터넷진흥원 시흥사거리 1차로 주의운전 도로공사 -,127.1037917,37.4207991
2021-05-25 10:57:01,598,2021-05-25 10:46:02,2021-05-25 18:00:00,0,공사 ,죽림로 만흥IC 만덕사거리  1차로 주의운전 도로공사 -,127.7067825,34.7637103
2021-05-25 10:57:51,,2021-05-25 10:57:00,2021-05-25 18:00:00,2,통제 ,한강대로퇴계로연결길 서울역91번출구 서울역 3차로 도로공사 주의운전 공사 -,126.973280599722,37.5559718
2021-05-25 10:58:21,,2021-05-25 10:58:00,2021-05-25 11:28:00,1,사고 ,수도권제2순환고속도로 인천항고가교남측 인천항고가차도북측 1차로 주의운전 차량고장 -,126.621962508191,37.4394036957209
2021-05-25 10:58:55,,2021-05-25 10:58:00,2021-05-25 11:28:00,1,사고 ,역삼로 역삼초교앞교차로 구역삼세무서앞교차로 2차로 주의운전 고장 차량 -,127.0351596,37.4946068
2021-05-25 11:00:02,,2021-05-25 10:56:56,2021-05-25 14:01:25,0,공사 ,중부선(0352) (갓길)비탈면보수작업중 [고속도로]중부선(0352) (갓길)비탈면보수작업중,127.2465,37.4754
2021-05-25 11:00:02,,2021-05-25 10:57:50,2021-05-25 14:01:25,0,공사 ,경부선(0010) (1,2차로)노면보수작업중 [고속도로]경부선(0010) (1,2차로)노면보수작업중,128.1447,36.1269
2021-05-25 11:00:02,,2021-05-25 10:58:36,2021-05-25 14:01:25,0,공사 ,통영대전선(0351) (2,3차로)비탈면점검작업중 [고속도로]통영대전선(0351) (2,3차로)비탈면점검작업중,127.4908,36.2101
2021-05-25 11:00:14,,2021-05-25 11:00:00,2021-05-25 18:00:00,0,공사 ,자양로 원동네거리 대동성당 2차로 주의운전 도로공사 -,127.4393137,36.3279334
2021-05-25 11:00:30,618,2021-05-25 10:58:02,2021-05-25 11:28:00,1,사고 ,역삼로 역삼초교앞교차로 구역삼세무서앞교차로 2차로 주의운전 고장 차량 -,127.0351596,37.4946068
2021-05-25 11:00:56,,2021-05-25 11:00:00,2021-05-25 18:00:00,0,공사 ,새만금포항고속도로 서포항IC 임고4터널 3차로 47km(임고하이패스IC방향) 주의운전 도로공사 -,129.148646899722,36.0663805
2021-05-25 11:01:00,623,2021-05-25 10:58:02,2021-05-25 11:28:00,1,사고 ,수도권제2순환고속도로 인천항고가교남측 인천항고가차도북측 1차로 주의운전 차량고장 -,126.621962508191,37.4394036957209
2021-05-25 11:01:31,648,2021-05-25 10:57:02,2021-05-25 18:00:00,2,통제 ,한강대로퇴계로연결길 서울역91번출구 서울역 3차로 도로공사 주의운전 공사 -,126.973280599722,37.5559718
2021-05-25 11:01:35,,2021-05-25 11:01:00,2021-05-25 18:00:00,0,공사 ,수정로366번길 한국폴리텍1대학 산성역사거리 1차로 주의운전 도로공사 -,127.1534602,37.4589264
2021-05-25 11:02:34,675,2021-05-25 10:54:02,2021-05-25 18:00:00,0,공사 ,고잔로 농협사거리 KB국민은행안산종합금융센터 1차로 주의운전 시설물보수 -,126.832055730932,37.3192301531393
2021-05-25 11:02:45,,2021-05-25 11:02:00,2021-05-25 11:32:00,1,사고 ,새만금북로 새만금북로424 오식도동827 1차로 주의운전 교통사고 -,126.583280599722,35.9473324
2021-05-25 11:03:02,,2021-05-25 11:02:00,2021-05-25 18:00:00,0,공사 ,인북1로 대우전자 현대외과 1차로 주의운전 도로공사 -,126.954166666667,35.9413888888889
2021-05-25 11:04:11,,2021-05-25 11:04:00,2021-05-25 18:00:00,0,공사 ,중원대로 중앙잔디 함지삼거리 2차로 주의운전 시설물보수 -,127.920285493083,36.9544154767701
2021-05-25 11:04:12,,2021-05-25 11:04:00,2021-05-25 11:34:00,1,사고 ,서부간선도로 목동교앞 양평교 1차로 주의운전 교통사고 서울청,126.891619847427,37.5357009692761
2021-05-25 11:04:38,,2021-05-25 11:04:00,2021-05-25 18:00:00,0,공사 ,가마산로 가마산지하차도북측 한남장로교회 3차로 주의운전 도로공사 -,126.8813318,37.4899443
2021-05-25 11:04:46,,2021-05-25 11:04:00,2021-05-25 18:00:00,0,공사 ,증산로 증산역앞교차로 와산교앞교차로 3차로 주의운전 도로공사 -,126.9112364,37.5853753
2021-05-25 11:04:47,,2021-05-25 11:04:00,2021-05-25 11:34:00,1,사고 ,인하로 농산물시장사거리 남동경찰서사거리 1차로 주의운전 차량고장 -,126.703470230038,37.4430849188041
2021-05-25 11:05:03,,2021-05-25 11:00:57,2021-05-25 14:06:25,0,공사 ,중앙선지선(5510) (갓길)시설물보수작업중 [고속도로]중앙선지선(5510) (갓길)시설물보수작업중,128.9931,35.2847
2021-05-25 11:05:04,,2021-05-25 11:02:04,2021-05-25 14:06:25,0,공사 ,익산장수선(0201) (1차로)터널등보수작업중 [고속도로]익산장수선(0201) (1차로)터널등보수작업중,127.5084,35.7611
2021-05-25 11:05:13,,2021-05-25 11:05:00,2021-05-25 18:00:00,0,공사 ,수정로456번길 한국폴리텍1대학 남한산성입구교차로 1차로 주의운전 시설물보수 -,127.1553793,37.461894
2021-05-25 11:05:30,693,2021-05-25 11:04:02,2021-05-25 11:34:00,1,사고 ,서부간선도로 목동교앞 양평교 1차로 주의운전 교통사고 서울청,126.891619847427,37.5357009692761
2021-05-25 11:06:00,698,2021-05-25 11:04:02,2021-05-25 18:00:00,0,공사 ,중원대로 중앙잔디 함지삼거리 2차로 주의운전 시설물보수 -,127.920285493083,36.9544154767701
2021-05-25 11:06:07,,2021-05-25 11:06:00,2021-05-25 11:36:00,1,사고 ,고산로 가운동사거리 가운사거리 1차로 주의운전 차량고장 -,127.1736039,37.5948862997222
2021-05-25 11:06:31,731,2021-05-25 11:02:02,2021-05-25 18:00:00,0,공사 ,인북1로 대우전자 현대외과 1차로 주의운전 도로공사 -,126.954166666667,35.9413888888889
2021-05-25 11:07:01,743,2021-05-25 11:02:02,2021-05-25 11:32:00,1,사고 ,새만금북로 새만금북로424 오식도동827 1차로 주의운전 교통사고 -,126.583280599722,35.9473324
2021-05-25 11:07:30,756,2021-05-25 11:01:02,2021-05-25 18:00:00,0,공사 ,수정로366번길 한국폴리텍1대학 산성역사거리 1차로 주의운전 도로공사 -,127.1534602,37.4589264
2021-05-25 11:08:01,760,2021-05-25 11:00:02,2021-05-25 18:00:00,0,공사 ,새만금포항고속도로 서포항IC 임고4터널 3차로 47km(임고하이패스IC방향) 주의운전 도로공사 -,129.148646899722,36.0663805
2021-05-25 11:08:31,762,2021-05-25 11:00:02,2021-05-25 18:00:00,0,공사 ,자양로 원동네거리 대동성당 2차로 주의운전 도로공사 -,127.4393137,36.3279334
2021-05-25 11:08:48,,2021-05-25 11:08:00,2021-05-25 11:38:00,1,사고 ,동부간선도로 청담대교남단 봉은교 3차로 주의운전 교통사고 서울청,127.066416038678,37.5174642122665
2021-05-25 11:10:05,,2021-05-25 11:00:49,2021-05-25 14:11:25,0,공사 ,호남선(0251) (1차로)배수시험성포장보수작업중 [고속도로]호남선(0251) (1차로)배수시험성포장보수작업중,126.8718,35.6066
2021-05-25 11:10:31,6,2021-05-25 11:08:02,2021-05-25 11:38:00,1,사고 ,동부간선도로 청담대교남단 봉은교 3차로 주의운전 교통사고 서울청,127.066416038678,37.5174642122665
2021-05-25 11:10:33,,2021-05-25 11:10:00,2021-05-25 18:00:00,0,공사 ,소성로 법원삼거리 법원길삼거리 2차로 주의운전 도로공사 -,126.6690129,37.4410216
2021-05-25 11:11:01,10,2021-05-25 11:06:02,2021-05-25 11:36:00,1,사고 ,고산로 가운동사거리 가운사거리 1차로 주의운전 차량고장 -,127.1736039,37.5948862997222
2021-05-25 11:11:31,,2021-05-25 11:11:00,2021-05-25 11:41:00,1,사고 ,역삼로 구역삼세무서앞교차로 역삼초교앞교차로 2차로 주의운전 고장 차량 -,127.0348299,37.4950754
2021-05-25 11:11:31,43,2021-05-25 11:05:02,2021-05-25 18:00:00,0,공사 ,수정로456번길 한국폴리텍1대학 남한산성입구교차로 1차로 주의운전 시설물보수 -,127.1553793,37.461894
2021-05-25 11:11:50,,2021-05-25 11:11:00,2021-05-25 18:00:00,0,공사 ,소성로 법원길삼거리 법원삼거리 2차로 주의운전 도로공사 -,126.669182480136,37.4410485830538
2021-05-25 11:12:00,53,2021-05-25 11:02:42,2021-05-25 14:06:25,0,공사 ,익산장수선(0201) (1차로)터널등보수작업중 [고속도로]익산장수선(0201) (1차로)터널등보수작업중,127.5084,35.7611
2021-05-25 11:13:00,75,2021-05-25 11:04:02,2021-05-25 11:34:00,1,사고 ,인하로 농산물시장사거리 남동경찰서사거리 1차로 주의운전 차량고장 -,126.703470230038,37.4430849188041
2021-05-25 11:13:30,77,2021-05-25 11:04:02,2021-05-25 18:00:00,0,공사 ,증산로 증산역앞교차로 와산교앞교차로 3차로 주의운전 도로공사 -,126.9112364,37.5853753
2021-05-25 11:13:55,,2021-05-25 11:13:00,2021-05-25 18:00:00,0,공사 ,매소홀로 숭의삼거리 도화초교사거리 1차로 주의운전 도로공사 -,126.6677934,37.4399985
2021-05-25 11:14:00,80,2021-05-25 11:04:02,2021-05-25 18:00:00,0,공사 ,가마산로 가마산지하차도북측 한남장로교회 3차로 주의운전 도로공사 -,126.8813318,37.4899443
2021-05-25 11:14:46,,2021-05-25 11:14:00,2021-05-25 11:44:00,1,사고 ,동부간선도로 장평교 군자교 1차로 주의운전 교통사고 서울청,127.076621850774,37.5699097030326
2021-05-25 11:15:06,,2021-05-25 11:03:17,2021-05-25 14:16:26,0,공사 ,호남선(0251) (1차로)배수시험성포장보수작업중 [고속도로]호남선(0251) (1차로)배수시험성포장보수작업중,126.9075,35.6413
2021-05-25 11:15:28,,2021-05-25 11:15:00,2021-05-25 18:00:00,0,공사 ,일반국도28호선 쌍계리8461 봉양1교서측 1차로 주의운전 도로공사 -,128.5415685,36.3106332
2021-05-25 11:15:30,88,2021-05-25 11:11:02,2021-05-25 11:41:00,1,사고 ,역삼로 구역삼세무서앞교차로 역삼초교앞교차로 2차로 주의운전 고장 차량 -,127.0348299,37.4950754
2021-05-25 11:15:49,,2021-05-25 11:15:00,2021-05-25 18:00:00,0,공사 ,일반국도46호선 동양미래대학앞교차로 고척교교차로 1차로 주의운전 시설물보수 -,126.870674399722,37.4990673
2021-05-25 11:15:56,,2021-05-25 11:14:00,2021-05-25 11:44:00,2,통제 ,황령대로 문전교차로 황령터널 입구 1차로 차량증가로 소통원할할수 있도록 유도선설치 공사 -,129.0692962,35.1503642
2021-05-25 11:16:00,93,2021-05-25 11:10:02,2021-05-25 18:00:00,0,공사 ,소성로 법원삼거리 법원길삼거리 2차로 주의운전 도로공사 -,126.6690129,37.4410216
2021-05-25 11:17:47,,2021-05-25 11:17:00,2021-05-25 18:00:00,0,공사 ,용아로 흑석동1215 GS주유소명진셀프 3차로 주의운전 도로공사 -,126.804875670749,35.1814631810722
2021-05-25 11:17:52,,2021-05-25 11:17:00,2021-05-25 11:47:00,1,사고 ,중부내륙고속도로 괴산IC 괴산휴게소 1차로 괴산티지 램프구간km(괴산IC방향) 주의운전 교통사고 -,127.9258943,36.8589679
2021-05-25 11:17:53,,2021-05-25 11:17:00,2021-05-25 18:00:00,0,공사 ,만안로 만안로153 아발론호텔 1차로 주의운전 도로공사 -,126.9294846,37.3942988
2021-05-25 11:18:01,,2021-05-25 11:17:00,2021-05-25 11:47:00,1,사고 ,무안광주고속도로 서광산IC 연산IC앞 1차로 0km(방향) 주의운전 차량고장 -,126.7360443,35.1139621
2021-05-25 11:20:30,166,2021-05-25 11:17:02,2021-05-25 11:47:00,1,사고 ,무안광주고속도로 서광산IC 연산IC앞 1차로 0km(방향) 주의운전 차량고장 -,126.7360443,35.1139621
2021-05-25 11:21:00,171,2021-05-25 11:17:02,2021-05-25 18:00:00,0,공사 ,만안로 만안로153 아발론호텔 1차로 주의운전 도로공사 -,126.9294846,37.3942988
2021-05-25 11:21:30,203,2021-05-25 11:17:02,2021-05-25 11:47:00,1,사고 ,중부내륙고속도로 괴산IC 괴산휴게소 1차로 괴산티지 램프구간km(괴산IC방향) 주의운전 교통사고 -,127.9258943,36.8589679
2021-05-25 11:21:38,,2021-05-25 11:21:00,2021-05-25 18:00:00,0,공사 ,일반국도23호선 세곡삼거리 성두삼거리 1차로 주의운전 도로공사 -,126.6950623,35.4537054
2021-05-25 11:22:00,213,2021-05-25 11:17:02,2021-05-25 18:00:00,0,공사 ,용아로 흑석동1215 GS주유소명진셀프 3차로 주의운전 도로공사 -,126.804875670749,35.1814631810722
2021-05-25 11:22:30,226,2021-05-25 11:14:02,2021-05-25 11:44:00,2,통제 ,황령대로 문전교차로 황령터널 입구 1차로 차량증가로 소통원할할수 있도록 유도선설치 공사 -,129.0692962,35.1503642
2021-05-25 11:23:00,236,2021-05-25 11:15:02,2021-05-25 18:00:00,0,공사 ,일반국도46호선 동양미래대학앞교차로 고척교교차로 1차로 주의운전 시설물보수 -,126.870674399722,37.4990673
2021-05-25 11:23:30,238,2021-05-25 11:15:02,2021-05-25 18:00:00,0,공사 ,일반국도28호선 쌍계리8461 봉양1교서측 1차로 주의운전 도로공사 -,128.5415685,36.3106332
2021-05-25 11:23:44,,2021-05-25 11:23:00,2021-05-25 18:00:00,0,공사 ,무심서로 신일아파트 모충대교사거리 1차로 주의운전 도로공사 -,127.483979972222,36.6280196666667
2021-05-25 11:24:30,243,2021-05-25 11:14:02,2021-05-25 11:44:00,1,사고 ,동부간선도로 장평교 군자교 1차로 주의운전 교통사고 서울청,127.076621850774,37.5699097030326
2021-05-25 11:27:29,,2021-05-25 11:27:00,2021-05-25 18:00:00,0,공사 ,지방도712호선 용동오거리 용동오거리 1차로 주의운전 도로공사 -,126.898793999722,35.7919205
2021-05-25 11:30:10,,2021-05-25 11:28:21,2021-05-25 14:31:26,0,공사 ,서해안선(0150) (1차로)돌출차선설치작업중 [고속도로]서해안선(0150) (1차로)돌출차선설치작업중,126.808,35.9997
2021-05-25 11:32:55,,2021-05-25 11:32:00,2021-05-25 18:00:00,0,공사 ,일반국도35호선 옥천교차로 어르말교차로 1차로 주의운전 도로공사 -,128.9454432,36.9174275
2021-05-25 11:33:17,,2021-05-25 11:33:00,2021-05-25 18:00:00,0,공사 ,서울외곽순환고속도로 서운JC북측 서운JC남측 1차로 0km(서운JC방향) 주의운전 시설물보수 -,126.752065792798,37.5295166485361
2021-05-25 11:43:23,,2021-05-25 11:43:00,2021-05-25 12:13:00,1,사고 ,월계로 월계2교앞교차로 월계2교앞 3차로 주의운전 교통사고 -,127.049359178191,37.624100126781
2021-05-25 11:45:14,,2021-05-25 11:39:07,2021-05-25 14:46:27,0,공사 ,경부선(0010) (2차로)통신선로철거작업중 [고속도로]경부선(0010) (2차로)통신선로철거작업중,127.7401,36.2716
2021-05-25 11:45:31,527,2021-05-25 11:43:02,2021-05-25 12:13:00,1,사고 ,월계로 월계2교앞교차로 월계2교앞 3차로 주의운전 교통사고 -,127.049359178191,37.624100126781
2021-05-25 11:46:40,,2021-05-25 11:47:00,2021-05-25 12:17:00,1,사고 ,고산자로 동대문구청 경동시장앞교차로 2차로 주의운전 교통사고 서울청,127.038360064751,37.5774336223512
2021-05-25 11:50:16,,2021-05-25 11:32:40,2021-05-25 14:51:27,0,공사 ,남해선(순천-부산)(0100) (1차로)터널등기구교체작업중 [고속도로]남해선(순천-부산)(0100) (1차로)터널등기구교체작업중,128.2042,35.1809
2021-05-25 11:50:31,599,2021-05-25 11:47:02,2021-05-25 12:17:00,1,사고 ,고산자로 동대문구청 경동시장앞교차로 2차로 주의운전 교통사고 서울청,127.038360064751,37.5774336223512
2021-05-25 11:55:18,,2021-05-25 11:51:37,2021-05-25 14:56:27,0,공사 ,중부선(0352) (갓길)이동시설물설치작업중 [고속도로]중부선(0352) (갓길)이동시설물설치작업중,127.3238,37.345
2021-05-25 11:59:20,,2021-05-25 11:59:00,2021-05-25 18:00:00,0,공사 ,광덕로 광명소방서앞사거리 경찰서삼거리 3차로 주의운전 시설물보수 -,126.8690057,37.4736868
2021-05-25 12:00:19,,2021-05-25 11:55:30,2021-05-25 15:01:27,0,공사 ,익산장수선(0201) (2차로)터널정밀검사작업중 [고속도로]익산장수선(0201) (2차로)터널정밀검사작업중,127.3886,35.7676
2021-05-25 12:02:45,,2021-05-25 12:02:00,2021-05-25 18:00:00,0,공사 ,서울외곽순환고속도로 계양IC남측 계양IC동측 2차로 0km(방향) 주의운전 시설물보수 -,126.7523704,37.5420849
2021-05-25 12:05:41,,2021-05-25 12:05:00,2021-05-25 12:35:00,1,사고 ,일반국도25호선 고신탕입구 고산네거리 1차로 주의운전 교통사고 -,128.6895692,35.8416561
2021-05-25 12:08:14,,2021-05-25 12:08:00,2021-05-25 18:00:00,0,공사 ,용주로 화산동사무소앞교차로 안녕삼거리 1차로 주의운전 도로공사 -,127.0157894,37.2053676
2021-05-25 12:09:14,,2021-05-25 12:08:00,2021-05-25 12:38:00,1,사고 ,강변북로 성수대교 영동대교 2차로 서행 교통사고 서울청,127.047023134821,37.536804520654
2021-05-25 12:10:22,,2021-05-25 12:07:09,2021-05-25 15:11:28,0,공사 ,청주영덕선(0300) (1차로)터널등기구보수및세척작업중 [고속도로]청주영덕선(0300) (1차로)터널등기구보수및세척작업중,127.7065,36.4602
2021-05-25 12:10:31,880,2021-05-25 12:08:02,2021-05-25 12:38:00,1,사고 ,강변북로 성수대교 영동대교 2차로 서행 교통사고 서울청,127.047023134821,37.536804520654
2021-05-25 12:11:01,884,2021-05-25 12:08:02,2021-05-25 18:00:00,0,공사 ,용주로 화산동사무소앞교차로 안녕삼거리 1차로 주의운전 도로공사 -,127.0157894,37.2053676
2021-05-25 12:11:31,916,2021-05-25 12:05:02,2021-05-25 12:35:00,1,사고 ,일반국도25호선 고신탕입구 고산네거리 1차로 주의운전 교통사고 -,128.6895692,35.8416561
2021-05-25 12:12:01,925,2021-05-25 12:02:02,2021-05-25 18:00:00,0,공사 ,서울외곽순환고속도로 계양IC남측 계양IC동측 2차로 0km(방향) 주의운전 시설물보수 -,126.7523704,37.5420849
2021-05-25 12:14:36,20210525121436,2021-05-25 12:14:36,,0,공사,[서해안선]목감부근(331K)-조남분기점부근(330K) (3,4,5차로)노면포장작업중 3,4,5차로 차단  작업,126.8685,37.3874
2021-05-25 12:18:34,,2021-05-25 12:17:00,2021-05-25 12:47:00,1,사고 ,올림픽대로 한남대교 반포대교 2차로 서행 교통사고 서울청,127.003721297826,37.5130814232013
2021-05-25 12:18:57,,2021-05-25 12:18:00,2021-05-25 18:00:00,0,공사 ,경부고속도로 동대구JC 도동JC 1차로 0km(도동JC방향) 주의운전 도로공사 -,128.683065199722,35.8929439997222
2021-05-25 12:20:25,,2021-05-25 12:14:36,2021-05-25 15:21:28,0,공사 ,서해안선(0150) (3,4,5차로)노면포장작업중 [고속도로]서해안선(0150) (3,4,5차로)노면포장작업중,126.8685,37.3874
2021-05-25 12:20:25,,2021-05-25 12:15:13,2021-05-25 15:21:28,0,공사 ,청주영덕선(0300) (1차로)신축이음장치보수작업중 [고속도로]청주영덕선(0300) (1차로)신축이음장치보수작업중,129.1454,36.4909
2021-05-25 12:20:30,1015,2021-05-25 12:17:02,2021-05-25 12:47:00,1,사고 ,올림픽대로 한남대교 반포대교 2차로 서행 교통사고 서울청,127.003721297826,37.5130814232013
2021-05-25 12:25:37,,2021-05-25 12:25:00,2021-05-25 18:00:00,0,공사 ,국가지원지방도86호선 남연평교차로 연평교차로 2차로 주의운전 도로공사 -,127.1836705,37.7088634
2021-05-25 12:25:54,20210525122554,2021-05-25 12:25:54,,1,사고,[서울제물포선]S방향4KM TEST  사고,0,0
2021-05-25 12:30:28,,2021-05-25 12:25:28,2021-05-25 15:31:29,0,공사 ,통영대전선(0351) (2차로)시설물보수작업중 [고속도로]통영대전선(0351) (2차로)시설물보수작업중,128.4118,34.9121
2021-05-25 12:31:06,,2021-05-25 12:30:00,2021-05-25 18:00:00,0,공사 ,고창담양고속도로 장성물류TG 장산2교북측 1차로 0km(방향) 주의운전 도로공사 -,126.759169142316,35.344395361295
2021-05-25 12:41:39,,2021-05-25 12:41:00,2021-05-25 13:11:00,1,사고 ,일반국도7호선 노포삼거리 노포교 1차로 주의운전 차량고장 -,129.0956514,35.2831818
2021-05-25 12:45:02,,2021-05-25 12:44:00,2021-05-25 18:00:00,0,공사 ,은행로 수출입은행뒤 세계평화협력재단 2차로 주의운전 도로공사,126.919506787879,37.5271142051694
2021-05-25 12:45:30,1352,2021-05-25 12:41:02,2021-05-25 13:11:00,1,사고 ,일반국도7호선 노포삼거리 노포교 1차로 주의운전 차량고장 -,129.0956514,35.2831818
2021-05-25 13:00:36,,2021-05-25 12:58:55,2021-05-25 16:02:31,0,공사 ,중앙선(0550) (1차로)중분대개량작업중 [고속도로]중앙선(0550) (1차로)중분대개량작업중,128.1653,37.0865
2021-05-25 13:03:02,,2021-05-25 09:00:00,2021-05-25 18:00:00,0,공사 ,brt공사 롯데백화점 옛시청교차로 3차로 주의운전 도로공사 -,129.035788466157,35.0983959710922
2021-05-25 13:05:24,,2021-05-25 13:04:00,2021-05-25 13:34:00,1,사고 ,내부순환도로 사근램프방향에서 동부간선도로 용비교방향 1차로 주의운전 차량고장 -,127.0359063,37.5608182
2021-05-25 13:05:38,,2021-05-25 13:00:57,2021-05-25 16:07:31,0,공사 ,영동선(0500) (갓길)시설물보수작업중 [고속도로]영동선(0500) (갓길)시설물보수작업중,126.9104,37.323
2021-05-25 13:06:02,,2021-05-25 13:05:00,2021-05-25 13:35:00,1,사고 ,구리로 네스빌어린이집 북구국우동1123 1차로 주의운전 교통사고 -,128.562406299722,35.9462848
2021-05-25 13:06:22,,2021-05-25 13:06:00,2021-05-25 13:36:00,1,사고 ,강동대로 중부지방국세청 올림픽대교남단교차로 1차로 주의운전 교통사고 서울청,127.117076707162,37.5257906675608
2021-05-25 13:10:30,1698,2021-05-25 13:06:02,2021-05-25 13:36:00,1,사고 ,강동대로 중부지방국세청 올림픽대교남단교차로 1차로 주의운전 교통사고 서울청,127.117076707162,37.5257906675608
2021-05-25 13:11:00,1702,2021-05-25 13:05:02,2021-05-25 13:35:00,1,사고 ,구리로 네스빌어린이집 북구국우동1123 1차로 주의운전 교통사고 -,128.562406299722,35.9462848
2021-05-25 13:11:10,,2021-05-25 13:10:00,2021-05-25 13:40:00,1,사고 ,중부고속도로 진천 진천터널(하행선) 278k 1차로 앞 타이어 펑크 차량고장 -,127.491942169263,36.8440819904551
2021-05-25 13:12:01,1742,2021-05-25 13:04:02,2021-05-25 13:34:00,1,사고 ,내부순환도로 사근램프방향에서 동부간선도로 용비교방향 1차로 주의운전 차량고장 -,127.0359063,37.5608182
2021-05-25 13:12:24,,2021-05-25 13:12:00,2021-05-25 18:00:00,0,공사 ,쑥고개로 조강빌딩 세종오피스텔 1차로 주의운전 하수관거 작업 -,126.9461893,37.4792957
2021-05-25 13:12:31,1754,2021-05-25 09:00:02,2021-05-25 18:00:00,0,공사 ,brt공사 롯데백화점 옛시청교차로 3차로 주의운전 도로공사 -,129.035788466157,35.0983959710922
2021-05-25 13:13:08,,2021-05-25 13:13:00,2021-05-25 18:00:00,0,공사 ,하탑로 하탑사거리 분당두레장로교회 1차로 주의운전 도로공사 -,127.1271521,37.4054558
2021-05-25 13:14:18,,2021-05-25 13:13:00,2021-05-25 18:00:00,0,공사 ,월아산로 경남도청 서부청사 금산교사거리 2차로 주의운전 도로공사 -,128.124849299722,35.2125802997222
2021-05-25 13:14:51,,2021-05-25 13:14:00,2021-05-25 18:00:00,0,공사 ,별내5로 생태통로교 별내5로82 1차로 주의운전 도로공사 -,127.1192754,37.6571765
2021-05-25 13:15:30,1770,2021-05-25 13:10:02,2021-05-25 13:40:00,1,사고 ,중부고속도로 진천 진천터널(하행선) 278k 1차로 앞 타이어 펑크 차량고장 -,127.491942169263,36.8440819904551
2021-05-25 13:15:32,20210525081300,2021-05-25 13:15:32,,0,공사,[인천대교선][고가교W119]3.55km→공항신도시JC 노선점검 4차로 차단  작업,0,0
2021-05-25 13:15:38,,2021-05-25 13:15:00,2021-05-25 18:00:00,0,공사 ,신림로 신림로40 관악IC 1차로 주의운전 도로공사 -,126.9447264,37.4689358
2021-05-25 13:19:50,,2021-05-25 13:19:00,2021-05-25 13:49:00,1,사고 ,구리포천고속도로 소흘IC 소흘분기점 1차로 0km(소흘JC방향) 주의운전 교통사고 -,127.136407599722,37.8090335997222
2021-05-25 13:20:43,,2021-05-25 13:16:28,2021-05-25 16:22:32,0,공사 ,서해안선(0150) (갓길)가드레일설치작업중 [고속도로]서해안선(0150) (갓길)가드레일설치작업중,126.8831,37.1214
2021-05-25 13:20:43,,2021-05-25 13:18:22,2021-05-25 16:22:32,0,공사 ,제2중부선(0370) (갓길)이동청소작업중 [고속도로]제2중부선(0370) (갓길)이동청소작업중,127.3208,37.3541
2021-05-25 13:21:33,,2021-05-25 13:21:00,2021-05-25 13:51:00,1,사고 ,고봉로 화성어린이집 양지마을 2,3차로 주의운전 교통사고 -,126.768679374722,37.6667524444535
2021-05-25 13:22:57,,2021-05-25 13:22:00,2021-05-25 18:00:00,0,공사 ,산마루로 공설묘지입구교차로 갈매지구차선변경점 1차로 주의운전 도로공사 -,127.134743333333,37.6331263888889
2021-05-25 13:23:38,,2021-05-25 13:23:00,2021-05-25 13:53:00,1,사고 ,국가지원지방도85호선 루원교차로 가정동산1687 3차로 주의운전 차량고장 -,126.676388888889,37.5266666666667
2021-05-25 13:24:39,,2021-05-25 13:24:00,2021-05-25 14:00:00,0,공사 ,두산로 롯데마그넷 성서침례교회 1차로 주의운전 도로공사 -,126.8955691,37.4700786
2021-05-25 13:25:15,,2021-05-25 13:25:00,2021-05-25 18:00:00,0,공사 ,일반국도77호선 소래역사관 행복샘교회 1차로 주의운전 시설물보수 -,126.734863099722,37.3979204997222
2021-05-25 13:25:31,1915,2021-05-25 13:23:02,2021-05-25 13:53:00,1,사고 ,국가지원지방도85호선 루원교차로 가정동산1687 3차로 주의운전 차량고장 -,126.676388888889,37.5266666666667
2021-05-25 13:25:38,,2021-05-25 13:25:00,2021-05-25 18:00:00,0,공사 ,중교로 전통다원차야 중구보건지소네거리 1차로 주의운전 도로공사 -,127.4235407,36.3261879
2021-05-25 13:25:44,,2021-05-25 13:20:58,2021-05-25 16:27:32,0,공사 ,경인선(1200) (갓길)이동청소작업중 [고속도로]경인선(1200) (갓길)이동청소작업중,126.7203,37.5238
2021-05-25 13:25:46,,2021-05-25 13:25:00,2021-05-25 14:00:00,2,통제 ,일반국도47호선 아이파크타워 삼성역사거리 1차로 주의운전 공사 -,127.062227044712,37.5105694163614
2021-05-25 13:26:01,1920,2021-05-25 13:22:02,2021-05-25 18:00:00,0,공사 ,산마루로 공설묘지입구교차로 갈매지구차선변경점 1차로 주의운전 도로공사 -,127.134743333333,37.6331263888889
2021-05-25 13:26:31,1952,2021-05-25 13:21:02,2021-05-25 13:51:00,1,사고 ,고봉로 화성어린이집 양지마을 2,3차로 주의운전 교통사고 -,126.768679374722,37.6667524444535
2021-05-25 13:28:44,,2021-05-25 13:24:00,2021-05-25 17:55:00,1,사고 ,상주영천고속도로 효령터널남측 동군위IC 1차로 42km  상주방향  2차로  작업  안전운전  요망km(방향) 주의운전 교통사고 -,128.597703899722,36.1388816997222
2021-05-25 13:29:31,,2021-05-25 13:29:00,2021-05-25 18:00:00,0,공사 ,심곡로 꿈이있는교회 심곡사거리 2차로 주의운전 시설물보수 -,126.6783319,37.542042
2021-05-25 13:29:37,,2021-05-25 13:29:00,2021-05-25 17:00:00,0,공사 ,도산대로 청담빌딩 송담빌딩 4차로 주의운전 도로공사,127.049119178303,37.5245373599225
2021-05-25 13:30:31,26,2021-05-25 13:24:02,2021-05-25 17:55:00,1,사고 ,상주영천고속도로 효령터널남측 동군위IC 1차로 42km  상주방향  2차로  작업  안전운전  요망km(방향) 주의운전 교통사고 -,128.597703899722,36.1388816997222
2021-05-25 13:30:46,,2021-05-25 13:27:59,2021-05-25 16:32:32,0,공사 ,부산울산선(0651) (갓길)집수정청소작업중 [고속도로]부산울산선(0651) (갓길)집수정청소작업중,129.2349,35.3252
2021-05-25 13:30:46,,2021-05-25 13:28:08,2021-05-25 16:32:32,0,공사 ,영동선(0500) (차로교대)노면보수이동작업중 [고속도로]영동선(0500) (차로교대)노면보수이동작업중,126.9181,37.3244
2021-05-25 13:30:46,,2021-05-25 13:28:24,2021-05-25 16:32:32,0,공사 ,서천공주선(1510) (갓길)터널내소화기점검이동작업중 [고속도로]서천공주선(1510) (갓길)터널내소화기점검이동작업중,126.7742,36.0745
2021-05-25 13:31:01,31,2021-05-25 13:25:02,2021-05-25 14:00:00,2,통제 ,일반국도47호선 아이파크타워 삼성역사거리 1차로 주의운전 공사 -,127.062227044712,37.5105694163614
2021-05-25 13:32:01,73,2021-05-25 13:25:02,2021-05-25 18:00:00,0,공사 ,중교로 전통다원차야 중구보건지소네거리 1차로 주의운전 도로공사 -,127.4235407,36.3261879
2021-05-25 13:32:31,86,2021-05-25 13:25:02,2021-05-25 18:00:00,0,공사 ,일반국도77호선 소래역사관 행복샘교회 1차로 주의운전 시설물보수 -,126.734863099722,37.3979204997222
2021-05-25 13:33:00,96,2021-05-25 13:24:02,2021-05-25 14:00:00,0,공사 ,두산로 롯데마그넷 성서침례교회 1차로 주의운전 도로공사 -,126.8955691,37.4700786
2021-05-25 13:33:56,,2021-05-25 13:33:00,2021-05-25 18:00:00,0,공사 ,일반국도5호선 광음리1153 광음3교 1차로 주의운전 도로공사 -,128.680308,36.5098535
2021-05-25 13:34:13,,2021-05-25 13:33:00,2021-05-25 15:00:00,0,공사 ,도산대로 청담사거리 CJ미디어 5차로 주의운전 도로공사 -,127.044660409026,37.5239506013017
2021-05-25 13:38:44,,2021-05-25 13:38:00,2021-05-25 18:00:00,0,공사 ,일반국도26호선 골안교차로 헌문교차로 1차로 주의운전 도로공사 -,128.273215,35.7118844
2021-05-25 13:44:52,,2021-05-25 13:44:00,2021-05-25 14:14:00,1,사고 ,구리포천고속도로 민락IC 민락IC 1차로 0km(방향) 주의운전 교통사고 -,127.122135499722,37.748761
2021-05-25 13:45:51,,2021-05-25 13:43:10,2021-05-25 16:47:33,0,공사 ,중부내륙선(0450) (갓길)이동청소차작업중 [고속도로]중부내륙선(0450) (갓길)이동청소차작업중,127.9237,36.8671
2021-05-25 13:48:29,,2021-05-25 13:47:00,2021-05-25 18:00:00,0,공사 ,세종대로 시청역 조선호텔 3차로 주의운전 도로공사 -,126.9775304,37.5633596
2021-05-25 13:48:57,,2021-05-25 13:48:00,2021-05-25 14:18:00,1,사고 ,일반국도4호선 복현119안전센터 복현네거리 3차로 뒤로 지체  고장 차량 -,128.621708674971,35.8925476259717
2021-05-25 13:50:30,315,2021-05-25 13:48:02,2021-05-25 14:18:00,1,사고 ,일반국도4호선 복현119안전센터 복현네거리 3차로 뒤로 지체  고장 차량 -,128.621708674971,35.8925476259717
2021-05-25 13:50:48,,2021-05-25 13:50:00,2021-05-25 18:00:00,0,공사 ,시흥대로 독산사거리 시흥나들목 5차로 주의운전 도로공사 -,126.898468703089,37.4734175077673
2021-05-25 13:50:50,,2021-05-25 13:50:00,2021-05-25 14:20:00,2,기상 ,정다운길 굿모닝오피스텔교차로 덴마크우유동안산대리점 1차로 주의운전 강풍 -,126.8460077,37.3069138
2021-05-25 13:50:53,,2021-05-25 13:46:20,2021-05-25 16:52:33,0,공사 ,중부내륙지선(4510) (1차로)델리네이터보수작업중 [고속도로]중부내륙지선(4510) (1차로)델리네이터보수작업중,128.4699,35.7809
2021-05-25 13:51:00,319,2021-05-25 13:47:02,2021-05-25 18:00:00,0,공사 ,세종대로 시청역 조선호텔 3차로 주의운전 도로공사 -,126.9775304,37.5633596
2021-05-25 13:52:00,359,2021-05-25 13:44:02,2021-05-25 14:14:00,1,사고 ,구리포천고속도로 민락IC 민락IC 1차로 0km(방향) 주의운전 교통사고 -,127.122135499722,37.748761
2021-05-25 13:52:35,,2021-05-25 13:52:00,2021-05-25 18:00:00,0,공사 ,대학로 GS주유소경산대성셀프 압량교 2차로 주의운전 도로공사 -,128.765833333333,35.8502777777778
2021-05-25 13:53:49,,2021-05-25 13:53:00,2021-05-25 18:00:00,0,공사 ,복수중앙길 국방기술품질원 서대전농협복수동지점 1차로 주의운전 도로공사 -,127.37263,36.3048009722222
2021-05-25 13:54:12,,2021-05-25 13:53:00,2021-05-25 18:00:00,0,공사 ,석호로 굿모닝오피스텔교차로 트루바 2,3차로 주의운전 도로공사 -,126.8477222,37.3068284
2021-05-25 13:54:53,,2021-05-25 13:54:00,2021-05-25 18:00:00,0,공사 ,일반국도77호선 택지앞교차로 더굿메이트 1차로 주의운전 하수관거 작업 -,126.8260504,37.198566
2021-05-25 13:57:31,,2021-05-25 13:57:00,2021-05-25 18:00:00,0,공사 ,남해고속도로 장동1터널 장동2터널 1차로 0km(보성IC방향) 주의운전 시설물보수 -,126.9870474,34.7527152
2021-05-25 13:57:37,,2021-05-25 13:57:00,2021-05-25 18:00:00,0,공사 ,대청호수로 비룡교차로 비룡삼거리 1차로 주의운전 도로공사 -,127.476686,36.3448402
2021-05-25 13:57:43,,2021-05-25 13:57:00,2021-05-25 14:27:00,1,사고 ,석호로 나눔과섬김교회 굿모닝오피스텔교차로 1차로 주의운전 교통사고 -,126.8481259,37.3063469
2021-05-25 13:59:09,,2021-05-25 13:59:00,2021-05-25 18:00:00,0,공사 ,유등로17번길 알투라에스프레소혜천대점 유운트레이딩 1차로 주의운전 도로공사 -,127.3765686,36.296811
2021-05-25 13:59:40,,2021-05-25 13:59:00,2021-05-25 14:29:00,1,사고 ,남동대로 남동고가교 전재울사거리 1차로 주의운전 차량고장 -,126.706595944432,37.4384524742899
2021-05-25 13:59:47,,2021-05-25 13:59:00,2021-05-25 18:00:00,0,공사 ,광주대로 국민건강보험공단앞 고아주라이온스클럽앞 1차로 주의운전 도로공사 -,127.2621396,37.4112605
2021-05-25 14:00:30,465,2021-05-25 13:57:02,2021-05-25 14:27:00,1,사고 ,석호로 나눔과섬김교회 굿모닝오피스텔교차로 1차로 주의운전 교통사고 -,126.8481259,37.3063469
2021-05-25 14:00:57,,2021-05-25 13:57:14,2021-05-25 17:02:34,0,공사 ,경부선(0010) (1차로)이동노면보수작업중 [고속도로]경부선(0010) (1차로)이동노면보수작업중,127.3837,36.6254
2021-05-25 14:01:00,470,2021-05-25 13:57:02,2021-05-25 18:00:00,0,공사 ,대청호수로 비룡교차로 비룡삼거리 1차로 주의운전 도로공사 -,127.476686,36.3448402
2021-05-25 14:01:30,499,2021-05-25 13:57:02,2021-05-25 18:00:00,0,공사 ,남해고속도로 장동1터널 장동2터널 1차로 0km(보성IC방향) 주의운전 시설물보수 -,126.9870474,34.7527152
2021-05-25 14:02:00,508,2021-05-25 13:54:02,2021-05-25 18:00:00,0,공사 ,일반국도77호선 택지앞교차로 더굿메이트 1차로 주의운전 하수관거 작업 -,126.8260504,37.198566
2021-05-25 14:02:34,528,2021-05-25 13:53:02,2021-05-25 18:00:00,0,공사 ,석호로 굿모닝오피스텔교차로 트루바 2,3차로 주의운전 도로공사 -,126.8477222,37.3068284
2021-05-25 14:02:57,,2021-05-25 14:01:00,2021-05-25 18:00:00,0,공사 ,장제로 천대고가 밑 삼산동 맥도날드 계양구청 1차로 주의운전 도로공사 -,126.7354626,37.5151731
2021-05-25 14:03:01,530,2021-05-25 13:53:02,2021-05-25 18:00:00,0,공사 ,복수중앙길 국방기술품질원 서대전농협복수동지점 1차로 주의운전 도로공사 -,127.37263,36.3048009722222
2021-05-25 14:03:18,,2021-05-25 14:03:00,2021-05-25 18:00:00,0,공사 ,금산로 예선교회 산본사거리 1차로 주의운전 도로공사 -,126.936069354533,37.3717346135876
2021-05-25 14:03:32,,2021-05-25 14:03:00,2021-05-25 14:33:00,1,사고 ,일반국도14호선 미남교차로 광혜병원 3차로 주의운전 교통사고 -,129.0701924,35.2076933
2021-05-25 14:05:31,545,2021-05-25 14:03:02,2021-05-25 14:33:00,1,사고 ,일반국도14호선 미남교차로 광혜병원 3차로 주의운전 교통사고 -,129.0701924,35.2076933
2021-05-25 14:05:59,,2021-05-25 14:03:58,2021-05-25 17:07:34,0,공사 ,경부선(0010) (1차로)중분대배수로정비작업중 [고속도로]경부선(0010) (1차로)중분대배수로정비작업중,127.1542,36.9943
2021-05-25 14:06:01,549,2021-05-25 14:03:02,2021-05-25 18:00:00,0,공사 ,금산로 예선교회 산본사거리 1차로 주의운전 도로공사 -,126.936069354533,37.3717346135876
2021-05-25 14:06:31,577,2021-05-25 14:01:02,2021-05-25 18:00:00,0,공사 ,장제로 천대고가 밑 삼산동 맥도날드 계양구청 1차로 주의운전 도로공사 -,126.7354626,37.5151731
2021-05-25 14:07:31,596,2021-05-25 13:59:02,2021-05-25 18:00:00,0,공사 ,광주대로 국민건강보험공단앞 고아주라이온스클럽앞 1차로 주의운전 도로공사 -,127.2621396,37.4112605
2021-05-25 14:08:01,605,2021-05-25 13:59:02,2021-05-25 14:29:00,1,사고 ,남동대로 남동고가교 전재울사거리 1차로 주의운전 차량고장 -,126.706595944432,37.4384524742899
2021-05-25 14:08:04,,2021-05-25 14:07:00,2021-05-25 14:37:00,2,통제 ,삼안로 삼안로244 삼방제일성결교회 1차로 정체없음 백신수송차량 주차중 공사 -,128.9110699,35.2480197
2021-05-25 14:08:17,,2021-05-25 14:08:00,2021-05-25 18:00:00,0,공사 ,건건로 안산시상록구군포시 대야미동4542 1차로 주의운전 도로공사 -,126.9159497,37.3206237
2021-05-25 14:08:31,607,2021-05-25 13:59:02,2021-05-25 18:00:00,0,공사 ,유등로17번길 알투라에스프레소혜천대점 유운트레이딩 1차로 주의운전 도로공사 -,127.3765686,36.296811
2021-05-25 14:08:54,,2021-05-25 14:08:00,2021-05-25 18:00:00,0,공사 ,일반국도77호선 문지리5302 자유로381048 1차로 주의운전 도로공사 -,126.72668,37.8356939722222
2021-05-25 14:10:48,,2021-05-25 14:10:00,2021-05-25 14:40:00,1,사고 ,서해안고속도로 목포TG 무안1교 1차로 0km(무안IC방향) 주의운전 교통사고 -,126.493407,34.874135
2021-05-25 14:11:01,,2021-05-25 14:01:27,2021-05-25 17:12:34,0,공사 ,중앙선(0550) (갓길)가드레일보수작업중 [고속도로]중앙선(0550) (갓길)가드레일보수작업중,127.9014,37.3663
2021-05-25 14:11:16,,2021-05-25 14:11:00,2021-05-25 18:00:00,0,공사 ,엑스포로 원촌삼거리 도룡동1 2차로 주의운전 도로공사 -,127.4059811,36.3823287
2021-05-25 14:12:04,,2021-05-25 14:10:00,2021-05-25 18:00:00,0,공사 ,일반국도47호선 신내IC 유원종합목재 진행방향 전체차로 도로공사 도로공사 -,127.1038434,37.6173985
2021-05-25 14:13:58,,2021-05-25 14:13:00,2021-05-25 18:00:00,0,공사 ,용마산로 능산삼거리 신내차량기지입구 3차로 주의운전 도로공사 -,127.101362608881,37.6127578707456
2021-05-25 14:14:21,,2021-05-25 14:14:00,2021-05-25 14:44:00,1,사고 ,신천대로 성북교남단교차로 성북지하차도 1차로 주의운전 교통사고 -,128.592068498893,35.8931447912369
2021-05-25 14:15:04,,2021-05-25 09:00:00,2021-05-25 18:00:00,0,공사 ,번영로 신동교 모종동491 2차로 주의운전 도로공사 -,127.0289813,36.7859835
2021-05-25 14:15:30,693,2021-05-25 14:14:02,2021-05-25 14:44:00,1,사고 ,신천대로 성북교남단교차로 성북지하차도 1차로 주의운전 교통사고 -,128.592068498893,35.8931447912369
2021-05-25 14:16:00,697,2021-05-25 14:13:02,2021-05-25 18:00:00,0,공사 ,용마산로 능산삼거리 신내차량기지입구 3차로 주의운전 도로공사 -,127.101362608881,37.6127578707456
2021-05-25 14:16:03,,2021-05-25 14:11:12,2021-05-25 17:17:34,0,공사 ,수도권제1순환선(1000) (갓길)가로등점검작업중 [고속도로]수도권제1순환선(1000) (갓길)가로등점검작업중,126.7779,37.5987
2021-05-25 14:16:03,,2021-05-25 14:12:10,2021-05-25 17:17:34,0,공사 ,서해안선(0150) (차로교대)이동노면보수작업중 [고속도로]서해안선(0150) (차로교대)이동노면보수작업중,126.5605,36.5913
2021-05-25 14:16:30,727,2021-05-25 14:10:02,2021-05-25 18:00:00,0,공사 ,일반국도47호선 신내IC 유원종합목재 진행방향 전체차로 도로공사 도로공사 -,127.1038434,37.6173985
2021-05-25 14:17:00,740,2021-05-25 14:11:02,2021-05-25 18:00:00,0,공사 ,엑스포로 원촌삼거리 도룡동1 2차로 주의운전 도로공사 -,127.4059811,36.3823287
2021-05-25 14:18:01,761,2021-05-25 14:10:02,2021-05-25 14:40:00,1,사고 ,서해안고속도로 목포TG 무안1교 1차로 0km(무안IC방향) 주의운전 교통사고 -,126.493407,34.874135
2021-05-25 14:18:31,763,2021-05-25 14:08:02,2021-05-25 18:00:00,0,공사 ,일반국도77호선 문지리5302 자유로381048 1차로 주의운전 도로공사 -,126.72668,37.8356939722222
2021-05-25 14:21:40,,2021-05-25 14:21:00,2021-05-25 18:00:00,0,공사 ,국가지원지방도57호선 대덕대교네거리 상아아이뜰어린이집 1차로 후미상황 통행주의 도로공사 -,127.379349741601,36.3704941578122
2021-05-25 14:22:53,,2021-05-25 14:22:00,2021-05-25 18:00:00,0,공사 ,한신2길 전주새중앙교회 근영우편취급국 1차로 주의운전 도로공사 -,127.1181706,35.8199634
2021-05-25 14:25:01,,2021-05-25 14:24:00,2021-05-25 18:00:00,0,공사 ,일반국도2호선 문산읍 진성면 1차로 주의운전 도로공사 -,128.213319799722,35.1691513997222
2021-05-25 14:26:06,,2021-05-25 13:58:11,2021-05-25 17:27:35,0,공사 ,남해선(순천-부산)(0100) (갓길)시설물보수작업중 [고속도로]남해선(순천-부산)(0100) (갓길)시설물보수작업중,127.8981,35.0405
2021-05-25 14:27:56,,2021-05-25 10:00:00,2021-05-25 15:00:00,0,공사 ,태평로2가45 서소문시청별관 조선호텔 진행방향 전체차로 주의운전 도로공사 -,126.977097222222,37.5640638888889
2021-05-25 14:32:58,,2021-05-25 14:32:00,2021-05-25 15:02:00,1,사고 ,인하로 남동경찰서사거리 농산물시장사거리 1차로 주의운전 차량고장 -,126.703052697821,37.4432192976004
2021-05-25 14:35:31,988,2021-05-25 14:32:02,2021-05-25 15:02:00,1,사고 ,인하로 남동경찰서사거리 농산물시장사거리 1차로 주의운전 차량고장 -,126.703052697821,37.4432192976004
2021-05-25 14:36:01,992,2021-05-25 10:00:02,2021-05-25 15:00:00,0,공사 ,태평로2가45 서소문시청별관 조선호텔 진행방향 전체차로 주의운전 도로공사 -,126.977097222222,37.5640638888889
2021-05-25 14:36:10,,2021-05-25 14:30:22,2021-05-25 17:37:35,0,공사 ,청주영덕선(0300) (2차로)신축이음장치볼트고정작업중 [고속도로]청주영덕선(0300) (2차로)신축이음장치볼트고정작업중,128.9367,36.4387
2021-05-25 14:39:33,,2021-05-25 14:39:00,2021-05-25 18:00:00,0,공사 ,재재기로 차산1교 맹동교 1차로 주의운전 도로공사 -,127.3021146,37.6322889
2021-05-25 14:43:55,,2021-05-25 14:43:00,2021-05-25 18:00:00,0,공사 ,소사로 성곡삼거리 오정경찰서삼거리 1차로 주의운전 도로공사 -,126.8008735,37.515161
2021-05-25 14:45:12,,2021-05-25 14:45:00,2021-05-25 18:00:00,0,공사 ,일반국도21호선 사현교차로 남포교차로남측 2차로 주의운전 도로공사 -,126.6027198,36.2970181
2021-05-25 14:45:31,1126,2021-05-25 14:43:02,2021-05-25 18:00:00,0,공사 ,소사로 성곡삼거리 오정경찰서삼거리 1차로 주의운전 도로공사 -,126.8008735,37.515161
2021-05-25 14:46:00,1131,2021-05-25 14:39:02,2021-05-25 18:00:00,0,공사 ,재재기로 차산1교 맹동교 1차로 주의운전 도로공사 -,127.3021146,37.6322889
2021-05-25 14:46:15,,2021-05-25 14:46:00,2021-05-25 18:00:00,0,공사 ,해안동로 화도돈대입구교차로 오두리698 1차로 주의운전 도로공사 -,126.518652,37.6858471
2021-05-25 14:47:35,,2021-05-25 14:47:00,2021-05-25 18:00:00,0,공사 ,서전6길 롯데택배부산사상대리점 산업교동측 1차로 주의운전 도로공사 -,128.975833333333,35.1588888888889
2021-05-25 14:48:26,,2021-05-25 14:48:00,2021-05-25 18:00:00,0,공사 ,김해대로2715번길 지내삼거리 청솔아파트앞교차로 1차로 주의운전 도로공사 -,128.9237912,35.2279436
2021-05-25 14:50:30,1199,2021-05-25 14:48:02,2021-05-25 18:00:00,0,공사 ,김해대로2715번길 지내삼거리 청솔아파트앞교차로 1차로 주의운전 도로공사 -,128.9237912,35.2279436
2021-05-25 14:51:00,1204,2021-05-25 14:47:02,2021-05-25 18:00:00,0,공사 ,서전6길 롯데택배부산사상대리점 산업교동측 1차로 주의운전 도로공사 -,128.975833333333,35.1588888888889
2021-05-25 14:51:30,1235,2021-05-25 14:46:02,2021-05-25 18:00:00,0,공사 ,해안동로 화도돈대입구교차로 오두리698 1차로 주의운전 도로공사 -,126.518652,37.6858471
2021-05-25 14:52:00,1246,2021-05-25 14:45:02,2021-05-25 18:00:00,0,공사 ,일반국도21호선 사현교차로 남포교차로남측 2차로 주의운전 도로공사 -,126.6027198,36.2970181
2021-05-25 14:53:08,,2021-05-25 14:53:00,2021-05-25 18:00:00,0,공사 ,경원로 원인재역삼거리 경원고가교 1차로 주의운전 도로공사 -,126.685968343891,37.4107718768084
2021-05-25 14:53:17,,2021-05-25 14:53:00,2021-05-25 18:00:00,0,공사 ,지방도919호선 모모리찌네일 하양교남측 3차로 주의운전 도로공사 -,128.823888888889,35.9072222222222
2021-05-25 14:57:06,,2021-05-25 14:56:00,2021-05-25 18:00:00,0,공사 ,소사로 원종교사거리 오정농협사거리 1차로 주의운전 도로공사 -,126.8048369,37.5188522
2021-05-25 14:58:58,,2021-05-25 14:58:00,2021-05-25 18:00:00,0,공사 ,경원로 동막역사거리 송도1교 1차로 주의운전 도로공사 -,126.670765,37.39638
2021-05-25 14:59:52,,2021-05-25 14:59:00,2021-05-25 18:00:00,0,공사 ,고래산로 화도휴게소 월산리 1차로 주의운전 도로공사 -,127.2744407,37.6146307
2021-05-25 15:02:03,,2021-05-25 15:00:00,2021-05-25 15:30:00,1,사고 ,올림픽대로 가양대교진입램프  공항방향  1차로 전면통제/ 주의운전  고장 차량 서울청,126.859662163852,37.5660489567411
2021-05-25 15:03:55,,2021-05-25 15:02:00,2021-05-25 18:00:00,0,공사 ,경부고속도로 영천IC 경주방향 86k 1차로 3차선 차단후정비작업 갓길 인부 및 도공차 작업중, 도공 싸인카 1대 후방관리 및 싸이렌 취명, 주의 운전  시설물보수 -,129.0509405,35.884479
2021-05-25 15:05:30,1421,2021-05-25 15:00:02,2021-05-25 15:30:00,1,사고 ,올림픽대로 가양대교진입램프  공항방향  1차로 전면통제/ 주의운전  고장 차량 서울청,126.859662163852,37.5660489567411
2021-05-25 15:06:01,1427,2021-05-25 14:59:02,2021-05-25 18:00:00,0,공사 ,고래산로 화도휴게소 월산리 1차로 주의운전 도로공사 -,127.2744407,37.6146307
2021-05-25 15:06:30,1454,2021-05-25 14:58:02,2021-05-25 18:00:00,0,공사 ,경원로 동막역사거리 송도1교 1차로 주의운전 도로공사 -,126.670765,37.39638
2021-05-25 15:06:31,,2021-05-25 15:06:00,2021-05-25 15:36:00,1,사고 ,통일로 염천교앞교차로 서울역 3차로 주의운행 교통사고 서울청,126.971323157882,37.559472771486
2021-05-25 15:07:00,1461,2021-05-25 14:56:02,2021-05-25 18:00:00,0,공사 ,소사로 원종교사거리 오정농협사거리 1차로 주의운전 도로공사 -,126.8048369,37.5188522
2021-05-25 15:09:12,,2021-05-25 15:09:00,2021-05-25 18:00:00,0,공사 ,무안광주고속도로 함평JC 동함평IC 1차로 0km(동함평IC방향) 주의운전 시설물보수 -,126.5369202,35.044741
2021-05-25 15:09:28,,2021-05-25 15:09:00,2021-05-25 18:00:00,0,공사 ,미추홀대로 송도2교동측 송도2교남측 1차로 주의운전 도로공사 -,126.657733527779,37.4055950763981
2021-05-25 15:09:41,,2021-05-25 15:09:00,2021-05-25 18:00:00,0,공사 ,국가지원지방도96호선 읍내사거리 홍남서로285번길82 방면  1차로 도로공사 주의운전 도로공사 -,126.5497827,36.5327322
2021-05-25 15:10:30,1496,2021-05-25 15:06:02,2021-05-25 15:36:00,1,사고 ,통일로 염천교앞교차로 서울역 3차로 주의운행 교통사고 서울청,126.971323157882,37.559472771486
2021-05-25 15:11:00,1502,2021-05-25 15:02:02,2021-05-25 18:00:00,0,공사 ,경부고속도로 영천IC 경주방향 86k 1차로 3차선 차단후정비작업 갓길 인부 및 도공차 작업중, 도공 싸인카 1대 후방관리 및 싸이렌 취명, 주의 운전  시설물보수 -,129.0509405,35.884479
2021-05-25 15:11:03,,2021-05-25 15:10:00,2021-05-25 18:00:00,0,공사 ,강변2로 온천2호교동측 부산대역4번출구 1차로 주의운전 시설물보수 -,129.089342705515,35.2304153126291
2021-05-25 15:13:10,,2021-05-25 15:12:00,2021-05-25 15:42:00,1,사고 ,동부간선도로 복정교차로 수서IC 1차로 교통사고 서울청,127.104196581612,37.4908865578999
2021-05-25 15:14:53,,2021-05-25 15:14:00,2021-05-25 18:00:00,0,공사 ,미장로 원적사거리 백마장사거리 2차로 주의운전 도로공사 -,126.7034456,37.5045885
2021-05-25 15:15:18,,2021-05-25 15:15:00,2021-05-25 15:45:00,1,사고 ,양재대로12길 청계산길밤밭길삼거리 원지동산8210 1차로 주의운전 교통사고 -,127.0469985,37.456828
2021-05-25 15:15:30,1573,2021-05-25 15:12:02,2021-05-25 15:42:00,1,사고 ,동부간선도로 복정교차로 수서IC 1차로 교통사고 서울청,127.104196581612,37.4908865578999
2021-05-25 15:16:00,1578,2021-05-25 15:10:02,2021-05-25 18:00:00,0,공사 ,강변2로 온천2호교동측 부산대역4번출구 1차로 주의운전 시설물보수 -,129.089342705515,35.2304153126291
2021-05-25 15:16:05,,2021-05-25 15:15:00,2021-05-25 15:45:00,1,사고 ,영동고속도로 여주TG 여주IC 4차로 0km(방향) 주의운전 차량고장 -,127.6502827,37.2533096
2021-05-25 15:16:06,,2021-05-25 15:15:00,2021-05-25 18:00:00,0,공사 ,원적로 원적사거리 부평전화국사거리 3차로 주의운전 도로공사 -,126.7079844,37.5039981
2021-05-25 15:16:30,1606,2021-05-25 15:09:02,2021-05-25 18:00:00,0,공사 ,국가지원지방도96호선 읍내사거리 홍남서로285번길82 방면  1차로 도로공사 주의운전 도로공사 -,126.5497827,36.5327322
2021-05-25 15:17:00,1615,2021-05-25 15:09:02,2021-05-25 18:00:00,0,공사 ,미추홀대로 송도2교동측 송도2교남측 1차로 주의운전 도로공사 -,126.657733527779,37.4055950763981
2021-05-25 15:17:30,1627,2021-05-25 15:09:02,2021-05-25 18:00:00,0,공사 ,무안광주고속도로 함평JC 동함평IC 1차로 0km(동함평IC방향) 주의운전 시설물보수 -,126.5369202,35.044741
2021-05-25 15:18:24,,2021-05-25 15:18:00,2021-05-25 15:48:00,1,사고 ,지방도364호선 동두천교차로 상패동10011 2차로 지체 교통사고 -,127.0143671,37.9109529
2021-05-25 15:18:31,,2021-05-25 15:18:00,2021-05-25 18:00:00,0,공사 ,경부고속도로 경산IC동측 평사휴게소 1차로 0km(영천IC방향) 주의운전 도로공사 -,128.831932099722,35.8783297
2021-05-25 15:20:31,1644,2021-05-25 15:18:02,2021-05-25 15:48:00,1,사고 ,지방도364호선 동두천교차로 상패동10011 2차로 지체 교통사고 -,127.0143671,37.9109529
2021-05-25 15:21:01,1649,2021-05-25 15:15:02,2021-05-25 18:00:00,0,공사 ,원적로 원적사거리 부평전화국사거리 3차로 주의운전 도로공사 -,126.7079844,37.5039981
2021-05-25 15:21:30,1682,2021-05-25 15:15:02,2021-05-25 15:45:00,1,사고 ,영동고속도로 여주TG 여주IC 4차로 0km(방향) 주의운전 차량고장 -,127.6502827,37.2533096
2021-05-25 15:22:00,1690,2021-05-25 15:15:02,2021-05-25 15:45:00,1,사고 ,양재대로12길 청계산길밤밭길삼거리 원지동산8210 1차로 주의운전 교통사고 -,127.0469985,37.456828
2021-05-25 15:22:30,1701,2021-05-25 15:14:02,2021-05-25 18:00:00,0,공사 ,미장로 원적사거리 백마장사거리 2차로 주의운전 도로공사 -,126.7034456,37.5045885
2021-05-25 15:22:31,,2021-05-25 15:22:00,2021-05-25 18:00:00,0,공사 ,경부고속도로 경산IC1교북측 경산IC북측 1차로 0km(방향) 주의운전 도로공사 -,128.796543,35.8747777997222
2021-05-25 15:25:18,,2021-05-25 15:24:00,2021-05-25 15:54:00,1,사고 ,서해안고속도로 광명교 철산대교 2차로 교통사고 서울청,126.894669188652,37.4530791721058
2021-05-25 15:26:13,,2021-05-25 15:26:00,2021-05-25 18:00:00,0,공사 ,강변역로 강변역2번출구 강변역로53 1차로 주의운전 도로공사 -,127.0953448,37.5349478
2021-05-25 15:26:37,,2021-05-25 15:25:00,2021-05-25 15:55:00,1,사고 ,청담대교 북단 남단 2차로 교통사고 서울청,127.064749833016,37.5200735414219
2021-05-25 15:27:29,,2021-05-25 15:27:00,2021-05-25 15:57:00,2,행사 ,소공로 회현사거리 한국은행앞교차로 4차로 주의운전 집회 추가내용,126.98156259418,37.5613961902979
2021-05-25 15:27:51,,2021-05-25 15:27:00,2021-05-25 18:00:00,0,공사 ,용마산로 우림시장앞교차로 망우사거리 2차로 주의운전 도로공사 -,127.100405376765,37.5982100784198
2021-05-25 15:29:44,,2021-05-25 15:29:00,2021-05-25 15:59:00,2,통제 ,봉삼중앙길 경일미르 영대병원네거리 진행방향 전체차로 주의운전 자연재해 반대 차선 확인 요망,128.5923279,35.8429282
2021-05-25 15:30:19,,2021-05-25 15:30:00,2021-05-25 16:00:00,1,사고 ,구리포천고속도로 소흘IC 소흘터널북측 1차로 0km(소흘IC방향) 주의운전 교통사고 -,127.1260168,37.7859790997222
2021-05-25 15:30:30,1791,2021-05-25 15:25:02,2021-05-25 15:55:00,1,사고 ,청담대교 북단 남단 2차로 교통사고 서울청,127.064749833016,37.5200735414219
2021-05-25 15:30:31,,2021-05-25 15:30:00,2021-05-25 18:00:00,0,공사 ,지방도624호선 동덕사거리 동산사거리 진행방향 전체차로 주의운전 도로공사 -,127.086586509295,36.8217585251724
2021-05-25 15:31:00,1796,2021-05-25 15:26:02,2021-05-25 18:00:00,0,공사 ,강변역로 강변역2번출구 강변역로53 1차로 주의운전 도로공사 -,127.0953448,37.5349478
2021-05-25 15:31:31,1830,2021-05-25 15:24:02,2021-05-25 15:54:00,1,사고 ,서해안고속도로 광명교 철산대교 2차로 교통사고 서울청,126.894669188652,37.4530791721058
2021-05-25 15:31:44,,2021-05-25 15:31:00,2021-05-25 18:00:00,0,공사 ,일반국도31호선 어천어영길2 관리5972 1차로 주의운전 시설물보수 -,129.036827353044,36.4618926410251
2021-05-25 15:32:00,1836,2021-05-25 15:22:02,2021-05-25 18:00:00,0,공사 ,경부고속도로 경산IC1교북측 경산IC북측 1차로 0km(방향) 주의운전 도로공사 -,128.796543,35.8747777997222
2021-05-25 15:33:46,,2021-05-25 15:33:00,2021-05-25 16:03:00,1,사고 ,문정로 자연시티빌1차아파트 숭어리샘네거리 3차로 후미 주의 교통사고 시내버스대 택시관련 추돌,127.379871479555,36.3447376934816
2021-05-25 15:34:25,,2021-05-25 15:32:00,2021-05-25 16:02:00,1,사고 ,경부고속도로 안성IC북측 평택시안성시 2,3차로 통제 중 교통사고 주의운전,127.150852038395,37.003391726668
2021-05-25 15:34:47,,2021-05-25 15:34:00,2021-05-25 16:04:00,1,사고 ,갈현로11길 서북병원사거리 그린빌라트앞삼거리 1차로 주의운전 교통사고 -,126.9097942,37.6054885
2021-05-25 15:35:30,1866,2021-05-25 15:32:02,2021-05-25 16:02:00,1,사고 ,경부고속도로 안성IC북측 평택시안성시 2,3차로 통제 중 교통사고 주의운전,127.150852038395,37.003391726668
2021-05-25 15:36:01,1871,2021-05-25 15:33:02,2021-05-25 16:03:00,1,사고 ,문정로 자연시티빌1차아파트 숭어리샘네거리 3차로 후미 주의 교통사고 시내버스대 택시관련 추돌,127.379871479555,36.3447376934816
2021-05-25 15:36:31,1904,2021-05-25 15:31:02,2021-05-25 18:00:00,0,공사 ,일반국도31호선 어천어영길2 관리5972 1차로 주의운전 시설물보수 -,129.036827353044,36.4618926410251
2021-05-25 15:36:56,,2021-05-25 15:35:00,2021-05-25 16:05:00,1,사고 ,동부간선도로 수서 탄천1교 1차로 주의운전 교통사고 서울청,127.101561070285,37.4923507368251
2021-05-25 15:37:01,1912,2021-05-25 15:30:02,2021-05-25 18:00:00,0,공사 ,지방도624호선 동덕사거리 동산사거리 진행방향 전체차로 주의운전 도로공사 -,127.086586509295,36.8217585251724
2021-05-25 15:37:31,1923,2021-05-25 15:30:02,2021-05-25 16:00:00,1,사고 ,구리포천고속도로 소흘IC 소흘터널북측 1차로 0km(소흘IC방향) 주의운전 교통사고 -,127.1260168,37.7859790997222
2021-05-25 15:38:00,1932,2021-05-25 15:29:02,2021-05-25 15:59:00,2,통제 ,봉삼중앙길 경일미르 영대병원네거리 진행방향 전체차로 주의운전 자연재해 반대 차선 확인 요망,128.5923279,35.8429282
2021-05-25 15:40:30,1942,2021-05-25 15:35:02,2021-05-25 16:05:00,1,사고 ,동부간선도로 수서 탄천1교 1차로 주의운전 교통사고 서울청,127.101561070285,37.4923507368251
2021-05-25 15:41:00,1946,2021-05-25 15:34:02,2021-05-25 16:04:00,1,사고 ,갈현로11길 서북병원사거리 그린빌라트앞삼거리 1차로 주의운전 교통사고 -,126.9097942,37.6054885
2021-05-25 15:41:45,,2021-05-25 15:41:00,2021-05-25 16:11:00,1,사고 ,실타래3길 구세방지하도 전주문병원 1차로 주의운전 고장 차량 -,128.5281666,35.8657943
2021-05-25 15:43:24,,2021-05-25 15:42:00,2021-05-25 16:12:00,1,사고 ,지방도334호선 상패동2414 동두천경찰서방향 2차로 지체 교통사고 -,127.0529755,37.9139396
2021-05-25 15:43:57,,2021-05-25 15:43:00,2021-05-25 18:00:00,0,공사 ,보덕로 보성삼거리 대봉수목원 진행방향 전체차로 주의운전 도로공사 반대 차선 확인 요망,127.6599207,36.8798669
2021-05-25 15:45:30,2014,2021-05-25 15:42:02,2021-05-25 16:12:00,1,사고 ,지방도334호선 상패동2414 동두천경찰서방향 2차로 지체 교통사고 -,127.0529755,37.9139396
2021-05-25 15:45:42,,2021-05-25 15:45:00,2021-05-25 16:15:00,1,사고 ,동서로 열방교회 변동오거리 1,2차로 후미 주의 교통사고 교통사고현장조사,127.380030269052,36.3292707385839
2021-05-25 15:46:00,2018,2021-05-25 15:41:02,2021-05-25 16:11:00,1,사고 ,실타래3길 구세방지하도 전주문병원 1차로 주의운전 고장 차량 -,128.5281666,35.8657943
2021-05-25 15:47:33,,2021-05-25 15:47:00,2021-05-25 18:00:00,0,공사 ,일반국도36호선 보천3거리 백마령터널 진행방향 전체차로 주의운전 도로공사 반대 차선 확인 요망,127.649451,36.8736017
2021-05-25 15:47:37,,2021-05-25 15:47:00,2021-05-25 16:17:00,1,사고 ,와룡로 본리파출소앞교차로 본리네거리 5차로 주의운전 차량고장 -,128.5342624,35.8418988
2021-05-25 15:48:52,,2021-05-25 15:48:00,2021-05-25 16:18:00,2,행사 ,일반국도48호선 정부중앙청사앞교차로 광화문 3차로 주의운전 행사 -,126.974321155556,37.5757298888889
2021-05-25 15:50:01,,2021-05-25 15:49:00,2021-05-25 16:19:00,1,사고 ,동부간선도로 성동교남단  용비IC 1차로 주의운전  고장 차량 서울청,127.036449640046,37.5482644671146
2021-05-25 15:50:31,2086,2021-05-25 15:47:02,2021-05-25 16:17:00,1,사고 ,와룡로 본리파출소앞교차로 본리네거리 5차로 주의운전 차량고장 -,128.5342624,35.8418988
2021-05-25 15:50:41,,2021-05-25 15:50:00,2021-05-25 16:20:00,1,사고 ,동소문로 성북구청입구교차로 성신여대입구역 4차로 주의운전 고장 차량 -,127.013561949091,37.5919067736753
2021-05-25 15:51:01,2091,2021-05-25 15:47:02,2021-05-25 18:00:00,0,공사 ,일반국도36호선 보천3거리 백마령터널 진행방향 전체차로 주의운전 도로공사 반대 차선 확인 요망,127.649451,36.8736017
2021-05-25 15:51:31,2123,2021-05-25 15:45:02,2021-05-25 16:15:00,1,사고 ,동서로 열방교회 변동오거리 1,2차로 후미 주의 교통사고 교통사고현장조사,127.380030269052,36.3292707385839
2021-05-25 15:52:00,2130,2021-05-25 15:43:02,2021-05-25 18:00:00,0,공사 ,보덕로 보성삼거리 대봉수목원 진행방향 전체차로 주의운전 도로공사 반대 차선 확인 요망,127.6599207,36.8798669
2021-05-25 15:55:30,2157,2021-05-25 15:50:02,2021-05-25 16:20:00,1,사고 ,동소문로 성북구청입구교차로 성신여대입구역 4차로 주의운전 고장 차량 -,127.013561949091,37.5919067736753
2021-05-25 15:55:59,,2021-05-25 15:55:00,2021-05-25 16:25:00,0,공사 ,성동로 성동교앞 대정동483 진행방향 전체차로 주의운잔 요망 신호기 고장 -,128.725447222222,35.8532222222222
2021-05-25 15:56:00,2160,2021-05-25 15:49:02,2021-05-25 16:19:00,1,사고 ,동부간선도로 성동교남단  용비IC 1차로 주의운전  고장 차량 서울청,127.036449640046,37.5482644671146
2021-05-25 15:56:06,,2021-05-25 15:55:00,2021-05-25 18:00:00,0,공사 ,일반국도20호선 상평교회 매전삼거리 1차로 주의운전 도로공사 -,128.8530584,35.6660295
2021-05-25 15:56:38,2206,2021-05-25 15:48:02,2021-05-25 16:18:00,2,행사 ,일반국도48호선 정부중앙청사앞교차로 광화문 3차로 주의운전 행사 -,126.974321155556,37.5757298888889
2021-05-25 15:57:30,,2021-05-25 15:57:00,2021-05-25 18:00:00,0,공사 ,장림로 장림1동행정복지센터 민우마린 1차로 주의운전 도로공사 -,128.9686018,35.0824942
2021-05-25 15:58:31,,2021-05-25 15:57:00,2021-05-25 18:00:00,0,공사 ,일반국도39호선 정산교차로 애경산업 1차로 전기공사 작업중 시설물보수 -,126.9509433,36.4267574
2021-05-25 15:59:07,,2021-05-25 15:57:00,2021-05-25 16:27:00,1,사고 ,비래동로 비래프라자 추락 위험물  새힘교회 부식슈퍼 1차로 건물간판 위험물 제거 작업중 후미지체 위험  교통사고 -,127.4493388,36.3545036
2021-05-25 15:59:56,,2021-05-25 15:59:00,2021-05-25 18:00:00,0,공사 ,일반국도35호선 성산면 홍제동 1차로 주의운전 시설물보수 반대 차선 확인 요망,128.845385499722,37.7315713997222
2021-05-25 16:00:30,2228,2021-05-25 15:57:02,2021-05-25 16:27:00,1,사고 ,비래동로 비래프라자 추락 위험물  새힘교회 부식슈퍼 1차로 건물간판 위험물 제거 작업중 후미지체 위험  교통사고 -,127.4493388,36.3545036
2021-05-25 16:01:01,2233,2021-05-25 15:57:02,2021-05-25 18:00:00,0,공사 ,일반국도39호선 정산교차로 애경산업 1차로 전기공사 작업중 시설물보수 -,126.9509433,36.4267574
2021-05-25 16:01:31,2257,2021-05-25 15:57:02,2021-05-25 18:00:00,0,공사 ,장림로 장림1동행정복지센터 민우마린 1차로 주의운전 도로공사 -,128.9686018,35.0824942
2021-05-25 16:01:43,,2021-05-25 16:00:00,2021-05-25 16:30:00,1,사고 ,올림픽대로 동호대교 한남대교  3차로 주의운전  교통사고 서울청,127.021121693741,37.5279010923159
2021-05-25 16:02:01,2261,2021-05-25 15:55:02,2021-05-25 18:00:00,0,공사 ,일반국도20호선 상평교회 매전삼거리 1차로 주의운전 도로공사 -,128.8530584,35.6660295
2021-05-25 16:02:31,2273,2021-05-25 15:55:02,2021-05-25 16:25:00,0,공사 ,성동로 성동교앞 대정동483 진행방향 전체차로 주의운잔 요망 신호기 고장 -,128.725447222222,35.8532222222222
2021-05-25 16:05:30,2305,2021-05-25 16:00:02,2021-05-25 16:30:00,1,사고 ,올림픽대로 동호대교 한남대교  3차로 주의운전  교통사고 서울청,127.021121693741,37.5279010923159
2021-05-25 16:06:00,2309,2021-05-25 15:59:02,2021-05-25 18:00:00,0,공사 ,일반국도35호선 성산면 홍제동 1차로 주의운전 시설물보수 반대 차선 확인 요망,128.845385499722,37.7315713997222
2021-05-25 16:08:58,,2021-05-25 16:08:00,2021-05-25 16:38:00,1,사고 ,강변북로 성수대교 영동대교 1,2차로 교통사고 서울청,127.053522025153,37.5349862379718
2021-05-25 16:10:23,,2021-05-25 16:10:00,2021-05-25 18:00:00,0,공사 ,부평로 도원사거리 산곡입구삼거리 1차로 주의운전 도로공사 -,126.7216968,37.5031828
2021-05-25 16:10:30,2368,2021-05-25 16:08:02,2021-05-25 16:38:00,1,사고 ,강변북로 성수대교 영동대교 1,2차로 교통사고 서울청,127.053522025153,37.5349862379718
2021-05-25 16:12:30,,2021-05-25 16:12:00,2021-05-25 18:00:00,0,공사 ,새꽃로 금화초등학교사거리 후곡지하차도 1차로 주의운전 하수관거 작업 -,126.768602636183,37.7538629235833
2021-05-25 16:15:22,,2021-05-25 16:14:00,2021-05-25 18:00:00,0,공사 ,영산면  삼호아파트 영산ic 1차로 주의운전 도로공사 -,128.5011307,35.5404426
2021-05-25 16:16:38,,2021-05-25 16:16:00,2021-05-25 18:00:00,0,공사 ,매영로 난방공사교차로 영덕고삼거리 1차로 주의운전 도로공사 -,127.066022078253,37.2549601819762
2021-05-25 16:17:39,,2021-05-25 16:17:00,2021-05-25 18:00:00,0,공사 ,일반국도32호선 탐동교북측 탐동교남측 1차로 주의운전 도로공사 -,126.622228184833,36.8969864258886
2021-05-25 16:24:01,,2021-05-25 09:00:00,2021-05-29 16:00:00,0,공사 ,반포대로 잠수교북단 잠수교남단 1차로 조명유지보수공사로 1개차로 부분통제 가로등 작업 서울청,126.996329519532,37.5147527872061
2021-05-25 16:25:29,,2021-05-25 16:25:00,2021-05-25 18:00:00,0,공사 ,일반국도25호선 초현교 초현교 1차로 주의운전 도로공사 -,128.7612628,35.5735285
2021-05-25 16:27:28,,2021-05-25 16:27:00,2021-05-25 18:00:00,0,공사 ,해돋이길 아미치안센터 해돋이로2182 1차로 주의운전 도로공사 -,129.0162765,35.100053
2021-05-25 16:31:53,,2021-05-25 16:31:00,2021-05-25 17:01:00,1,사고 ,동부간선도로 중량교  월계1교  3차로 주의운전  교통사고 서울청,127.073734114164,37.6030680733851
2021-05-25 16:35:31,2719,2021-05-25 16:31:02,2021-05-25 17:01:00,1,사고 ,동부간선도로 중량교  월계1교  3차로 주의운전  교통사고 서울청,127.073734114164,37.6030680733851
2021-05-25 16:35:48,,2021-05-25 16:35:00,2021-05-25 18:00:00,0,공사 ,두견길 장안고사거리 양문교회 3차로 주의운전 도로공사 -,126.995030805556,37.2921646861111
2021-05-25 16:36:01,2723,2021-05-25 16:27:02,2021-05-25 18:00:00,0,공사 ,해돋이길 아미치안센터 해돋이로2182 1차로 주의운전 도로공사 -,129.0162765,35.100053
2021-05-25 16:36:25,,2021-05-25 16:36:00,2021-05-25 17:06:00,1,사고 ,노들로 양화교 성산대교남단 4차로 주의운행 교통사고 서울청,126.880620072205,37.5477457317783
2021-05-25 16:40:30,2792,2021-05-25 16:36:02,2021-05-25 17:06:00,1,사고 ,노들로 양화교 성산대교남단 4차로 주의운행 교통사고 서울청,126.880620072205,37.5477457317783
2021-05-25 16:41:00,2796,2021-05-25 16:35:02,2021-05-25 18:00:00,0,공사 ,두견길 장안고사거리 양문교회 3차로 주의운전 도로공사 -,126.995030805556,37.2921646861111
2021-05-25 16:41:15,,2021-05-25 16:41:00,2021-05-25 17:11:00,1,사고 ,효자로 CU효문공단점 효문어린이집 1차로 주의운전 차량고장 -,129.3696006,35.5659297
2021-05-25 16:45:30,2864,2021-05-25 16:41:02,2021-05-25 17:11:00,1,사고 ,효자로 CU효문공단점 효문어린이집 1차로 주의운전 차량고장 -,129.3696006,35.5659297
2021-05-25 16:48:53,,2021-05-25 16:48:00,2021-05-25 18:00:00,2,행사 ,방어진순환도로 현대중공업교차로 오지벌사거리 2차로 주의운전 집회 -,129.4307883,35.5198551
2021-05-25 16:58:38,,2021-05-25 16:58:00,2021-05-25 17:28:00,1,사고 ,구리포천고속도로 오성한음로160 선단IC 1차로 0km(방향) 주의운전 교통사고 -,127.168144699722,37.8475895997222
2021-05-25 17:00:30,3071,2021-05-25 16:58:02,2021-05-25 17:28:00,1,사고 ,구리포천고속도로 오성한음로160 선단IC 1차로 0km(방향) 주의운전 교통사고 -,127.168144699722,37.8475895997222
2021-05-25 17:00:40,,2021-05-25 17:00:00,2021-05-25 17:30:00,1,사고 ,호계로 신천초교교문교차로 신천교앞 1차로 주의운전 차량고장 -,129.3497454,35.6327686
2021-05-25 17:01:14,,2021-05-25 17:01:00,2021-05-25 18:00:00,0,공사 ,수도권제2순환고속도로 인천항고가교남측 인천항고가차도북측 1차로 주의운전 도로공사 -,126.623006343744,37.4464517542855
2021-05-25 17:01:26,,2021-05-25 17:00:00,2021-05-25 17:30:00,1,사고 ,동부간선도로 성동교남단  응봉교  3차로 주의운전  교통사고 서울청,127.036528891152,37.5483410275131
2021-05-25 17:03:09,,2021-05-25 17:03:00,2021-05-25 17:33:00,1,사고 ,산하중앙1로 산하동4782 산하동402 1차로 주의운전 차량고장 -,129.4410465,35.6249117
2021-05-25 17:04:13,,2021-05-25 17:04:00,2021-05-25 18:00:00,0,공사 ,동서로 월곶교차로 상곡교차로 1차로 도로공사 교통통제 도로공사 -,126.753292799722,37.3895008
2021-05-25 17:05:31,3144,2021-05-25 17:03:02,2021-05-25 17:33:00,1,사고 ,산하중앙1로 산하동4782 산하동402 1차로 주의운전 차량고장 -,129.4410465,35.6249117
2021-05-25 17:06:00,3148,2021-05-25 17:00:02,2021-05-25 17:30:00,1,사고 ,동부간선도로 성동교남단  응봉교  3차로 주의운전  교통사고 서울청,127.036528891152,37.5483410275131
2021-05-25 17:06:05,,2021-05-25 17:06:00,2021-05-25 18:00:00,0,공사 ,종암로 종암2치안센터 종암동370 4차로 주의운전  도로공사 -,127.032840935173,37.6022107056567
2021-05-25 17:06:30,3182,2021-05-25 17:01:02,2021-05-25 18:00:00,0,공사 ,수도권제2순환고속도로 인천항고가교남측 인천항고가차도북측 1차로 주의운전 도로공사 -,126.623006343744,37.4464517542855
2021-05-25 17:07:00,3189,2021-05-25 17:00:02,2021-05-25 17:30:00,1,사고 ,호계로 신천초교교문교차로 신천교앞 1차로 주의운전 차량고장 -,129.3497454,35.6327686
2021-05-25 17:08:18,,2021-05-25 17:08:00,2021-05-25 18:00:00,0,공사 ,서해안로 방산대교 방산교 1차로 주의운전 도로공사 -,126.7502808,37.4009879
2021-05-25 17:08:31,,2021-05-25 17:08:00,2021-05-25 18:00:00,0,공사 ,보통골길 애니앤길버트상대원점 IBK기업은행성남IT지점 1차로 주의운전 도로공사 -,127.1736542,37.4343031
2021-05-25 17:09:17,,2021-05-25 17:08:00,2021-05-25 17:38:00,1,사고 ,동소문로 현대백화점주차장 종암로209 1차로 주의운전 교통사고 -,127.030352777778,37.6082583333333
2021-05-25 17:10:04,,2021-05-25 17:10:00,2021-05-25 18:00:00,0,공사 ,종암로 영희피아노학원 KB국민은행종암동지점 1차로 주의운전 도로공사 -,127.035911111111,37.594325
2021-05-25 17:10:31,3212,2021-05-25 17:08:02,2021-05-25 17:38:00,1,사고 ,동소문로 현대백화점주차장 종암로209 1차로 주의운전 교통사고 -,127.030352777778,37.6082583333333
2021-05-25 17:11:00,3217,2021-05-25 17:08:02,2021-05-25 18:00:00,0,공사 ,보통골길 애니앤길버트상대원점 IBK기업은행성남IT지점 1차로 주의운전 도로공사 -,127.1736542,37.4343031
2021-05-25 17:11:32,3256,2021-05-25 17:08:02,2021-05-25 18:00:00,0,공사 ,서해안로 방산대교 방산교 1차로 주의운전 도로공사 -,126.7502808,37.4009879
2021-05-25 17:12:00,3259,2021-05-25 17:06:02,2021-05-25 18:00:00,0,공사 ,종암로 종암2치안센터 종암동370 4차로 주의운전  도로공사 -,127.032840935173,37.6022107056567
2021-05-25 17:12:30,3271,2021-05-25 17:04:02,2021-05-25 18:00:00,0,공사 ,동서로 월곶교차로 상곡교차로 1차로 도로공사 교통통제 도로공사 -,126.753292799722,37.3895008
2021-05-25 17:14:14,,2021-05-25 17:14:00,2021-05-25 18:00:00,0,공사 ,서울외곽순환고속도로 강일IC 상일IC북측 1차로 0km(상일IC방향) 주의운전 도로공사 -,127.173464,37.5630057
2021-05-25 17:30:10,,2021-05-25 17:30:00,2021-05-25 18:00:00,0,공사 ,서해안고속도로 함평IC북측 함평휴게소 1차로 0km(영광IC방향) 주의운전 도로공사 -,126.481127972222,35.1253949722222
2021-05-25 17:30:17,,2021-05-25 17:29:00,2021-05-25 17:59:00,1,사고 ,노들로  양화교앞 성산대교남측 1차로 주의운전  교통사고 서울청,126.885391559842,37.5466197063177
2021-05-25 17:32:40,,2021-05-25 17:32:00,2021-05-25 18:02:00,1,사고 ,서울외곽순환고속도로 하남JC서측 상일IC남측 1차로 0km(상일IC방향) 주의운전 교통사고 -,127.1878528,37.535
2021-05-25 17:35:30,3561,2021-05-25 17:32:02,2021-05-25 18:02:00,1,사고 ,서울외곽순환고속도로 하남JC서측 상일IC남측 1차로 0km(상일IC방향) 주의운전 교통사고 -,127.1878528,37.535
2021-05-25 17:36:00,3565,2021-05-25 17:29:02,2021-05-25 17:59:00,1,사고 ,노들로  양화교앞 성산대교남측 1차로 주의운전  교통사고 서울청,126.885391559842,37.5466197063177
2021-05-25 17:36:30,3594,2021-05-25 17:30:02,2021-05-25 18:00:00,0,공사 ,서해안고속도로 함평IC북측 함평휴게소 1차로 0km(영광IC방향) 주의운전 도로공사 -,126.481127972222,35.1253949722222
2021-05-25 17:37:41,,2021-05-25 17:36:00,2021-05-25 18:06:00,1,사고 ,동부간선도로 복정 수서 1차로 주의운전 교통사고 서울청,127.122255433611,37.4721981037727
2021-05-25 17:39:12,,2021-05-25 17:38:00,2021-05-25 18:08:00,2,통제 ,생곡로 GS주유소국제산업물류단지셀프 생곡동1122 1,2차로 주의운전 공사 -,128.8870244,35.1366116
2021-05-25 17:40:30,3632,2021-05-25 17:36:02,2021-05-25 18:06:00,1,사고 ,동부간선도로 복정 수서 1차로 주의운전 교통사고 서울청,127.122255433611,37.4721981037727
2021-05-25 17:58:37,,2021-05-25 17:57:00,2021-05-25 18:27:00,1,사고 ,올림픽대로 반포대교 한남대교 4차로 주의운행 교통사고 서울청,127.005559390357,37.5139643349666
2021-05-25 17:58:45,,2021-05-25 17:58:00,2021-05-25 18:28:00,1,사고 ,강변북로 청담대교 잠실대교 4차로 주의운전 교통사고 서울청,127.073639055226,37.5295468762255
2021-05-25 18:00:30,3905,2021-05-25 17:58:02,2021-05-25 18:28:00,1,사고 ,강변북로 청담대교 잠실대교 4차로 주의운전 교통사고 서울청,127.073639055226,37.5295468762255
2021-05-25 18:01:00,3909,2021-05-25 17:57:02,2021-05-25 18:27:00,1,사고 ,올림픽대로 반포대교 한남대교 4차로 주의운행 교통사고 서울청,127.005559390357,37.5139643349666
2021-05-25 18:13:58,,2021-05-25 18:13:00,2021-05-26 18:00:00,0,공사 ,서울양양고속도로 와부IC동측 남양주톨게이트 1차로 0km(화도IC방향) 주의운전 도로공사 -,127.2413521,37.5966971
2021-05-25 18:16:02,,2021-05-25 18:15:00,2021-05-25 18:45:00,1,사고 ,중부내륙고속도로 칠서IC 칠서휴게소 2차로 0km(남지IC방향) 주의운전 차량고장 -,128.5025163,35.3322868083333
2021-05-25 18:20:31,4179,2021-05-25 18:15:02,2021-05-25 18:45:00,1,사고 ,중부내륙고속도로 칠서IC 칠서휴게소 2차로 0km(남지IC방향) 주의운전 차량고장 -,128.5025163,35.3322868083333
2021-05-25 18:21:01,4183,2021-05-25 18:13:02,2021-05-26 18:00:00,0,공사 ,서울양양고속도로 와부IC동측 남양주톨게이트 1차로 0km(화도IC방향) 주의운전 도로공사 -,127.2413521,37.5966971
2021-05-25 18:21:03,,2021-05-25 18:20:00,2021-05-25 18:50:00,1,사고 ,은평터널로 수색역교차로 은평터널남측 1차로 주의운전 교통사고 -,126.8960487,37.5827057
2021-05-25 18:22:16,,2021-05-25 18:19:00,2021-05-25 18:49:00,1,사고 ,강변북로 성수대교 동부간선도로 성수JC연결램프 1차로 고장 차량 서울청,127.033351705943,37.5416655635554
2021-05-25 18:25:30,4249,2021-05-25 18:19:02,2021-05-25 18:49:00,1,사고 ,강변북로 성수대교 동부간선도로 성수JC연결램프 1차로 고장 차량 서울청,127.033351705943,37.5416655635554
2021-05-25 18:25:55,,2021-05-25 18:25:00,2021-05-25 18:55:00,1,사고 ,북문로 임연주공인중개사 서울우유경주보급소 1차로 주의운전 교통사고 -,129.2136853,35.8496775
2021-05-25 18:26:00,4252,2021-05-25 18:20:02,2021-05-25 18:50:00,1,사고 ,은평터널로 수색역교차로 은평터널남측 1차로 주의운전 교통사고 -,126.8960487,37.5827057
2021-05-25 18:26:36,,2021-05-25 18:26:00,2021-05-25 18:56:00,1,사고 ,광주원주고속도로 경기광주JC 경기광주JC 1차로 0km(방향) 주의운전 교통사고 -,127.316102972222,37.3763829722222
2021-05-25 18:28:19,,2021-05-25 18:28:00,2021-05-25 18:58:00,1,사고 ,광주원주고속도로 광주1터널 경기광주JC 1차로 0km(방향) 주의운전 교통사고 -,127.3261119,37.373762
2021-05-25 18:30:30,4316,2021-05-25 18:28:02,2021-05-25 18:58:00,1,사고 ,광주원주고속도로 광주1터널 경기광주JC 1차로 0km(방향) 주의운전 교통사고 -,127.3261119,37.373762
2021-05-25 18:31:00,4319,2021-05-25 18:26:02,2021-05-25 18:56:00,1,사고 ,광주원주고속도로 경기광주JC 경기광주JC 1차로 0km(방향) 주의운전 교통사고 -,127.316102972222,37.3763829722222
2021-05-25 18:31:30,4347,2021-05-25 18:25:02,2021-05-25 18:55:00,1,사고 ,북문로 임연주공인중개사 서울우유경주보급소 1차로 주의운전 교통사고 -,129.2136853,35.8496775
2021-05-25 18:38:30,20210525183830,2021-05-25 18:38:30,,0,공사,[중부내륙선]감곡부근(257.4K)-감곡부근(256K) (1차로)중분대이음부누수방지보수작업중 1차로 차단  작업,127.6274,37.1686
2021-05-25 18:52:55,,2021-05-25 18:52:00,2021-05-25 19:22:00,1,사고 ,올림픽대로 가양대교 성산대교 2차로 교통사고 서울청,126.868861951336,37.5594056791421
2021-05-25 18:55:30,4644,2021-05-25 18:52:02,2021-05-25 19:22:00,1,사고 ,올림픽대로 가양대교 성산대교 2차로 교통사고 서울청,126.868861951336,37.5594056791421
2021-05-25 18:58:42,,2021-05-25 18:57:00,2021-05-25 19:27:00,1,사고 ,올림픽대로 한강대교 한강철교 5차로 교통사고 서울청,126.954421465402,37.5149242511363
2021-05-25 19:00:30,4710,2021-05-25 18:57:02,2021-05-25 19:27:00,1,사고 ,올림픽대로 한강대교 한강철교 5차로 교통사고 서울청,126.954421465402,37.5149242511363
2021-05-25 19:04:14,20210525190414,2021-05-25 19:04:14,,0,공사,[경부선]안성(359.2K)-입장부근(353.2K) (3,4차로)아스콘절삭재포장준비작업중 3,4차로 차단  작업,127.1568,36.9874
2021-05-25 19:06:12,20210525190000,2021-05-25 19:06:12,,0,공사,[논산천안선]남논산TG(196.5K) -남논산TG마전교(195.9K)(2차로)노면보수작업중  작업,127.1808,36.7696
2021-05-25 19:09:03,20210525190800,2021-05-25 19:09:03,,0,공사,[논산천안선]연무IC(204.4K) -연무IC논산천교(206.3K)(1차로)노면보수작업중  작업,127.1808,36.7696
2021-05-25 19:09:24,,2021-05-25 19:09:00,2021-05-25 19:39:00,1,사고 ,만년길 황실네거리 갈마공원네거리 1차로 후미상황 통행주의 차량고장 -,127.373500981111,36.3579860370905
2021-05-25 19:10:30,4834,2021-05-25 19:09:02,2021-05-25 19:39:00,1,사고 ,만년길 황실네거리 갈마공원네거리 1차로 후미상황 통행주의 차량고장 -,127.373500981111,36.3579860370905
2021-05-25 19:20:35,,2021-05-25 19:20:00,2021-05-25 19:50:00,1,사고 ,왕십리로 성동교 위 한양대병원 3차로 주의운행 교통사고 서울청,127.043943595278,37.5526903228663
2021-05-25 19:23:45,20210525192345,2021-05-25 19:23:45,,0,공사,[청주영덕선]남상주(70K)-내서4터널내부근(68K) (1차로)신축이음장치개량작업중 1차로 차단  작업,128.1321,36.3699
2021-05-25 19:25:30,5029,2021-05-25 19:20:02,2021-05-25 19:50:00,1,사고 ,왕십리로 성동교 위 한양대병원 3차로 주의운행 교통사고 서울청,127.043943595278,37.5526903228663
2021-05-25 19:27:26,,2021-05-25 19:25:00,2021-05-26 18:00:00,0,공사 ,경부고속도로123하 도동jc 경산ic 1차로 공사로 4차로 없어짐 주의 도로공사 -,128.7060362,35.8783941
2021-05-25 19:27:41,,2021-05-25 19:23:45,2021-05-25 22:28:48,0,공사 ,청주영덕선(0300) (1차로)신축이음보수작업중 [고속도로]청주영덕선(0300) (1차로)신축이음보수작업중,128.1321,36.3699
2021-05-25 19:29:58,20210525192958,2021-05-25 19:29:58,,0,공사,[청주영덕선]내서2터널부근(63K)-내서3터널부근(65K) (2차로)신축이음장치개량작업중 2차로 차단  작업,128.0708,36.4074
2021-05-25 19:35:21,,2021-05-25 19:34:00,2021-05-26 18:00:00,0,공사 ,당진영덕고속도로 하행 남상주IC 남상주IC 1차로 69kmkm(방향) 공사중 도로공사 -,128.1349869,36.3690428997222
2021-05-25 19:36:45,,2021-05-25 19:36:00,2021-05-25 20:06:00,2,기상 ,상주영천고속도로 효령터널남측 동군위IC 1차로 0km(방향) 주의운전 강풍 -,128.656111111111,36.1016666666667
2021-05-25 19:40:01,,2021-05-25 19:40:00,2021-05-25 20:10:00,1,사고 ,강변북로 성산대교 양화대교진입램프 1차로 주의운행 교통사고 서울청,126.905820323975,37.548421744118
2021-05-25 19:45:30,5297,2021-05-25 19:40:02,2021-05-25 20:10:00,1,사고 ,강변북로 성산대교 양화대교진입램프 1차로 주의운행 교통사고 서울청,126.905820323975,37.548421744118
2021-05-25 19:45:44,20210525194300,2021-05-25 19:45:44,,0,공사,[논산천안선]풍세TG(271.7K) -남풍세IC풍세교(270.6K)(1차로)노면보수작업중  작업,127.1808,36.7696
2021-05-25 19:46:00,5301,2021-05-25 19:36:02,2021-05-25 20:06:00,2,기상 ,상주영천고속도로 효령터널남측 동군위IC 1차로 0km(방향) 주의운전 강풍 -,128.656111111111,36.1016666666667
2021-05-25 19:46:40,,2021-05-25 19:46:00,2021-05-26 18:00:00,0,공사 ,지방도514호선 김천시구미시 봉곡동1151 1차로 주의운전 도로공사 -,128.2959267,36.1458336
2021-05-25 19:55:31,20210525195531,2021-05-25 19:55:31,,0,공사,[대구부산선]부산방향28.60Km 부산방향28.6km무척산터널2차로원인자복구공사,2차로차단 2차로 차단  작업,0,0
2021-05-25 19:56:55,20210525195655,2021-05-25 19:56:55,,0,공사,[부산외곽선]한림1터널(6.2K)-한림3터널(12K) (2차로)노면보수작업중 2차로 차단  작업,128.7792,35.3005
2021-05-25 19:57:56,20210525195756,2021-05-25 19:57:56,,0,공사,[서해안선]당진분기점부근(252K)-당진분기점부근(257K) (2,3차로)단면보수작업중 2,3차로 차단  작업,126.5929,36.8336
2021-05-25 19:58:57,,2021-05-25 19:58:00,2021-05-26 18:00:00,0,공사 ,경부고속도로 김천교서측 김천IC 1차로 197km(김천IC방향) 주의운전 도로공사 -,128.1147493,36.1336686
2021-05-25 20:00:30,5498,2021-05-25 19:58:02,2021-05-26 18:00:00,0,공사 ,경부고속도로 김천교서측 김천IC 1차로 197km(김천IC방향) 주의운전 도로공사 -,128.1147493,36.1336686
2021-05-25 20:01:21,20210525200121,2021-05-25 20:01:21,,0,공사,[서해안선]당진부근(262K)-당진부근(267K) (1,2차로)응력완화줄눈설치작업중 1,2차로 차단  작업,126.6883,36.8771
2021-05-25 20:01:58,20210525200158,2021-05-25 20:01:58,,0,공사,[영동선]이천(78.8K)-이천(80.3K) (3,4차로)노면보수작업중 3,4차로 차단  작업,127.4872,37.2458
2021-05-25 20:02:29,20210525200229,2021-05-25 20:02:29,,0,공사,[호남지선]유성(43.6K)-유성분기점부근(47K) (2차로)신축이음장치개량작업중 2차로 차단  작업,127.3314,36.371
2021-05-25 20:02:33,20210525200000,2021-05-25 20:02:33,,0,공사,[논산천안선]남풍세IC(269.2K) -남풍세IC가송교(270.2K)(2차로)노면보수작업중  작업,127.1808,36.7696
2021-05-25 20:02:43,,2021-05-25 19:56:55,2021-05-25 23:03:49,0,공사 ,부산외곽선(6000) (2차로)노면보수작업중 [고속도로]부산외곽선(6000) (2차로)노면보수작업중,128.7792,35.3005
2021-05-25 20:03:41,20210525200341,2021-05-25 20:03:41,,0,공사,[평택시흥선]서평택분기점부근(1K)-조암부근(6K) (2차로)노면보수이동작업중 2차로 차단  작업,0,0
2021-05-25 20:05:46,,2021-05-25 20:04:00,2021-05-26 18:00:00,0,공사 ,당진영덕고속도로 화서ic 남상주IC 1차로 0160~165km(방향) 2차로차단 작업중 주의운전 도로공사 -,128.1432754,36.3717664
2021-05-25 20:07:44,,2021-05-25 20:01:58,2021-05-25 23:08:49,0,공사 ,영동선(0500) (3,4차로)노면보수작업중 [고속도로]영동선(0500) (3,4차로)노면보수작업중,127.4872,37.2458
2021-05-25 20:07:44,,2021-05-25 20:02:29,2021-05-25 23:08:49,0,공사 ,호남지선(2510) (갓길)신축이음장치개량준비작업중 [고속도로]호남지선(2510) (갓길)신축이음장치개량준비작업중,127.3314,36.371
2021-05-25 20:08:09,20210525200809,2021-05-25 20:08:09,,0,공사,[영동선]호법분기점(72.6K)-호법분기점부근(75.2K) (3,4차로)노면보수작업중 3,4차로 차단  작업,127.421,37.2388
2021-05-25 20:08:53,20210525200853,2021-05-25 20:08:53,,0,공사,[서해안선]당진분기점부근(253K)-서산(248K) (2차로,갓길)콘크리트절삭덧씌우기작업중 2차로 차단  작업,126.6011,36.8397
2021-05-25 20:12:44,,2021-05-25 20:08:09,2021-05-25 23:13:50,0,공사 ,영동선(0500) (3,4차로)노면보수작업중 [고속도로]영동선(0500) (3,4차로)노면보수작업중,127.421,37.2388
2021-05-25 20:15:38,,2021-05-25 20:14:00,2021-05-26 18:00:00,0,공사 ,청량천변로 죽전마을 청량 한양수자인 1차로 주의운전 도로공사 -,129.256786,35.512926
2021-05-25 20:16:56,20210525201656,2021-05-25 20:16:56,,0,공사,[서해안선]송악(272K)-당진(265K) (2,3차로)응력완화줄눈설치작업중 2,3차로 차단  작업,126.7752,36.9317
2021-05-25 20:17:45,,2021-05-25 20:11:08,2021-05-25 23:18:50,0,공사 ,수도권제1순환선(1000) (진입로갓길)노면보수작업중 [고속도로]수도권제1순환선(1000) (진입로갓길)노면보수작업중,127.0096,37.3903
2021-05-25 20:17:45,,2021-05-25 20:16:56,2021-05-25 23:18:50,0,공사 ,서해안선(0150) (갓길)응력완화줄눈설치작업중 [고속도로]서해안선(0150) (갓길)응력완화줄눈설치작업중,126.8036,36.943
2021-05-25 20:23:00,20210525202300,2021-05-25 20:23:00,,0,공사,[남해선(순천-부산)]창원1터널(서측)(121K) (1차로)시설물설치작업중 1차로 차단  작업,128.5499,35.2914
2021-05-25 20:27:46,,2021-05-25 20:23:00,2021-05-25 23:28:50,0,공사 ,남해선(순천-부산)(0100) (갓길)시설물설치작업중 [고속도로]남해선(순천-부산)(0100) (갓길)시설물설치작업중,128.5499,35.2914
2021-05-25 20:29:43,20210525202943,2021-05-25 20:29:43,,0,공사,[서울양양선]남양주요금소(8K)-화도부근(13K) (2,3차로)시설물청소작업중 2,3차로 차단  작업,127.25,37.6013
2021-05-25 20:44:00,20210525204400,2021-05-25 20:44:00,,0,공사,[청주영덕선]구병산Hi부근(45K)-속리산(휴)부근(41K) (1차로)응력완화줄눈설치작업중 1차로 차단  작업,127.8884,36.4474
2021-05-25 20:47:55,20210525204755,2021-05-25 20:47:55,,0,공사,[부산울산선]장안(휴)(25K)-장안(휴)부근(23K) (2,3차로)노면보수작업중 2,3차로 차단  작업,129.2481,35.3741
2021-05-25 20:49:31,20210525204931,2021-05-25 20:49:31,,0,공사,[경부선]남이분기점부근(298.7K)-청주분기점(295.9K) (1,2차로)남이육교신축이음후타보수작업중 1,2차로 차단  작업,127.4272,36.5839
2021-05-25 20:49:46,,2021-05-25 20:49:00,2021-05-25 21:19:00,1,사고 ,경부고속도로 한남대교  잠원IC 4차로 주의운전  교통사고 서울청,127.015258256603,37.5121209268459
2021-05-25 20:50:09,20210525205009,2021-05-25 20:50:09,,0,공사,[경부선]칠곡물류부근(146.3K)-칠곡물류부근(147.7K) (3,4차로)신축이음장치교체작업중 3,4차로 차단  작업,128.4776,35.931
2021-05-25 20:50:30,6148,2021-05-25 20:49:02,2021-05-25 21:19:00,1,사고 ,경부고속도로 한남대교  잠원IC 4차로 주의운전  교통사고 서울청,127.015258256603,37.5121209268459
2021-05-25 20:50:43,20210525205043,2021-05-25 20:50:43,,0,공사,[수도권제1순환선]퇴계원(33K) (진입로갓길)교량보수작업중  작업,127.1331,37.6396
2021-05-25 20:50:49,20210525205049,2021-05-25 20:50:49,,0,공사,[경부선]목천부근(327K)-천안분기점(334K) (3차로)방호벽설치작업중 3차로 차단  작업,127.2376,36.7443
2021-05-25 20:51:06,20210525205106,2021-05-25 20:51:06,,0,공사,[수도권제1순환선]퇴계원(33.5K)-불암산요금소(34K) (갓길)교량보수작업중  작업,127.1306,37.6436
2021-05-25 20:52:49,,2021-05-25 20:50:43,2021-05-25 23:53:51,0,공사 ,수도권제1순환선(1000) (진입로갓길)교량보수작업중 [고속도로]수도권제1순환선(1000) (진입로갓길)교량보수작업중,127.1331,37.6396
2021-05-25 20:54:02,20210525205402,2021-05-25 20:54:02,,0,공사,[중부선]신둔Hi부근(334K)-신둔Hi부근(335K) (2차로)방호벽설치작업중 2차로 차단  작업,127.3555,37.3089
2021-05-25 20:57:49,,2021-05-25 20:54:02,2021-05-25 23:58:51,0,공사 ,중부선(0352) (2차로)방호벽설치작업중 [고속도로]중부선(0352) (2차로)방호벽설치작업중,127.3555,37.3089
2021-05-25 20:59:52,20210525205952,2021-05-25 20:59:52,,0,공사,[수도권제1순환선]청계터널부근(124K)-청계요금소(121K) (3,4차로)노면보수작업중 3,4차로 차단  작업,127.0536,37.3964
2021-05-25 21:00:20,20210525210020,2021-05-25 21:00:20,,0,공사,[청주영덕선]문의(7.5K)-문의부근(4.8K) (1차로)응력완화줄눈보수작업중 1차로 차단  작업,127.5021,36.5331
2021-05-25 21:01:40,20210525210140,2021-05-25 21:01:40,,0,공사,[영동선]둔대분기점(23K) (서해안선진출로1차로)노면보수작업중 1차로 차단  작업,126.9071,37.3226
2021-05-25 21:02:38,20210525210238,2021-05-25 21:02:38,,0,공사,[경부선]신탄진(282K)-죽암(휴)부근(287K) (3,4차로)아스콘절삭재포장공사작업중 3,4차로 차단  작업,127.4198,36.4394
2021-05-25 21:02:43,20210525210243,2021-05-25 21:02:43,,0,공사,[수도권제1순환선]송파(9K) (4차로)가드레일보수작업중 4차로 차단  작업,127.1252,37.4704
2021-05-25 21:03:43,20210525210343,2021-05-25 21:03:43,,0,공사,[서울양양선]강촌부근(51.5K)-남춘천부근(53.5K) (1차로)시설물점검작업중 1차로 차단  작업,127.6713,37.7414
2021-05-25 21:05:36,,2021-05-25 21:05:00,2021-05-25 21:35:00,1,사고 ,성산대교 남단 북단 2차로 교통사고 서울청,126.894508188155,37.5575325282782
2021-05-25 21:06:22,20210525210622,2021-05-25 21:06:22,,0,공사,[평택제천선]평택고덕부근(12K)-평택터널부근(15K) (3차로)노면보수작업중 3차로 차단  작업,127.013,37.0252
2021-05-25 21:07:10,20210525210710,2021-05-25 21:07:10,,0,공사,[평택제천선]서안성부근(30K) (1차로)노면보수작업중 1차로 차단  작업,127.1915,37.0068
2021-05-25 21:07:51,,2021-05-25 21:02:38,2021-05-26 00:08:52,0,공사 ,경부선(0010) (3,4차로)아스콘절삭재포장공사작업중 [고속도로]경부선(0010) (3,4차로)아스콘절삭재포장공사작업중,127.4198,36.4394
2021-05-25 21:07:51,,2021-05-25 21:02:43,2021-05-26 00:08:52,0,공사 ,수도권제1순환선(1000) (4차로)가드레일보수작업중 [고속도로]수도권제1순환선(1000) (4차로)가드레일보수작업중,127.1252,37.4704
2021-05-25 21:07:51,,2021-05-25 21:03:43,2021-05-26 00:08:52,0,공사 ,서울양양선(0600) (1차로)시설물점검작업중 [고속도로]서울양양선(0600) (1차로)시설물점검작업중,127.6713,37.7414
2021-05-25 21:07:51,,2021-05-25 21:06:22,2021-05-26 00:08:52,0,공사 ,평택제천선(0400) (3차로)노면보수작업중 [고속도로]평택제천선(0400) (3차로)노면보수작업중,127.013,37.0252
2021-05-25 21:07:51,,2021-05-25 21:07:10,2021-05-26 00:08:52,0,공사 ,평택제천선(0400) (1차로)노면보수작업중 [고속도로]평택제천선(0400) (1차로)노면보수작업중,127.1915,37.0068
2021-05-25 21:08:13,20210525210813,2021-05-25 21:08:13,,0,공사,[경부선]천안삼(휴)(336K)-천안부근(338.5K) (3,4차로)노면보수공사작업중 3,4차로 차단  작업,127.1708,36.7905
2021-05-25 21:10:30,6415,2021-05-25 21:05:02,2021-05-25 21:35:00,1,사고 ,성산대교 남단 북단 2차로 교통사고 서울청,126.894508188155,37.5575325282782
2021-05-25 21:11:19,20210525211119,2021-05-25 21:11:19,,0,공사,[경부선]천안분기점부근(336K)-천안분기점(333.5K) (1,2차로)포장유지보수작업중 1,2차로 차단  작업,127.1708,36.7905
2021-05-25 21:12:24,20210525211224,2021-05-25 21:12:24,,0,공사,[수도권제1순환선]안양터널부근(115K)-수암터널부근(108K) (3,4차로)시설물보수작업중 3,4차로 차단  작업,126.9574,37.3792
2021-05-25 21:14:22,20210525211422,2021-05-25 21:14:22,,0,공사,[경부선]입장(휴)부근(351.7K)-입장(휴)(352.7K) (3,4차로)입장천교교량보수작업중 3,4차로 차단  작업,127.1891,36.9275
2021-05-25 21:29:09,20210525212909,2021-05-25 21:29:09,,0,공사,[경부선]왜관부근(152K)-칠곡물류(150.6K) (1,2차로)신축이음장치교체작업중 1,2차로 차단  작업,128.4441,35.9704
2021-05-25 21:31:23,20210525213123,2021-05-25 21:31:23,,0,공사,[수도권제1순환선]청계요금소(121K)-청계터널부근(124K) (1,2차로)노면보수작업중 1,2차로 차단  작업,127.0202,37.3928
2021-05-25 21:36:37,20210525213637,2021-05-25 21:36:37,,0,공사,[평택제천선]청북(3.3K)-평택분기점부근(5.6K) (2,3차로)노면보수작업중 2,3차로 차단  작업,126.9247,37.0487
2021-05-25 21:37:16,20210525213716,2021-05-25 21:37:16,,0,공사,[수도권제1순환선]구리(30K) (3,4차로)노면보수작업중 3,4차로 차단  작업,127.1421,37.6138
2021-05-25 21:37:57,,2021-05-25 21:31:23,2021-05-26 00:39:53,0,공사 ,수도권제1순환선(1000) (1,2차로)노면보수작업중 [고속도로]수도권제1순환선(1000) (1,2차로)노면보수작업중,127.0202,37.3928
2021-05-25 21:39:27,20210525213927,2021-05-25 21:39:27,,0,공사,[경부선]수원부근(393.3K)-수원(391.5K) (4,5차로)노면보수작업중 4,5차로 차단  작업,127.1037,37.2759
2021-05-25 21:42:58,,2021-05-25 21:36:37,2021-05-26 00:44:53,0,공사 ,평택제천선(0400) (3차로)노면보수작업중 [고속도로]평택제천선(0400) (3차로)노면보수작업중,126.9247,37.0487
2021-05-25 21:42:58,,2021-05-25 21:37:16,2021-05-26 00:44:53,0,공사 ,수도권제1순환선(1000) (3,4차로)노면보수작업중 [고속도로]수도권제1순환선(1000) (3,4차로)노면보수작업중,127.1421,37.6138
2021-05-25 21:43:59,20210525214359,2021-05-25 21:43:59,,1,사고,[중부내륙선]낙동분기점(139K) (갓길)대형화물차고장처리중  고장,128.2391,36.3662
2021-05-25 21:53:10,,2021-05-25 21:52:00,2021-05-26 18:00:00,0,공사 ,경부고속도로 152km 왜관IC 칠곡물류IC 1차로 0km(왜관IC방향) 주의운전 시설물보수 -,128.4491666,35.9684367
2021-05-25 21:54:30,20210525215430,2021-05-25 21:54:30,2021-05-25 23:15:27,1,사고,[중부선]남이천IC부근(315K) (2차로,갓길)중형화물차고장처리중 2차로 차단  고장,127.44,37.1631
2021-05-25 21:54:54,20210525215454,2021-05-25 21:54:54,,0,공사,[경부선]기흥동탄(386K) (국도접속부1차로)노면보수작업중 1차로 차단  작업,127.0958,37.2126
2021-05-25 22:02:00,,2021-05-25 22:01:00,2021-05-25 22:31:00,1,사고 ,중부내륙고속도로 낙동JC 낙동Jct 1차로 139km(방향) 화물차 고장으로 갓길정차중 차량고장 -,128.2393548,36.3666256
2021-05-25 22:02:31,20210525220231,2021-05-25 22:02:31,,0,공사,[수도권제1순환선]학의분기점부근(118K)-안양터널부근(115K) (1차로)노면보수작업중 1차로 차단  작업,126.9888,37.3835
2021-05-25 22:02:58,20210525220258,2021-05-25 22:02:58,,0,공사,[영동선]서안산(11.8K)-군자요금소(10.3K) (1,2차로)노면보수작업중 1,2차로 차단  작업,126.7934,37.3537
2021-05-25 22:05:30,7147,2021-05-25 22:01:02,2021-05-25 22:31:00,1,사고 ,중부내륙고속도로 낙동JC 낙동Jct 1차로 139km(방향) 화물차 고장으로 갓길정차중 차량고장 -,128.2393548,36.3666256
2021-05-25 22:06:09,20210525220609,2021-05-25 22:06:09,,0,공사,[수도권제1순환선]안양터널부근(115K)-학의분기점부근(118K) (1차로)노면보수작업중 1차로 차단  작업,126.9574,37.3792
2021-05-25 22:07:35,20210525220735,2021-05-25 22:07:35,,0,공사,[평택제천선]안진터널부근(49.2K)-안진터널부근(52K) (2차로)안진터널균열보수작업중 2차로 차단  작업,127.387,36.9729
2021-05-25 22:18:00,20210525221800,2021-05-25 22:18:00,,0,공사,[중부내륙선]상주부근(144K)-낙동분기점(140K) (2차로)노면다이아몬드그라인딩작업중 2차로 차단  작업,128.2271,36.4065
2021-05-25 22:30:25,20210525223025,2021-05-25 22:30:25,,0,공사,[제2경인선]남동(7K)-문학(5K) (2,3차로)노면보수작업중 2,3차로 차단  작업,126.7066,37.4337
2021-05-25 22:33:29,20210525223329,2021-05-25 22:33:29,,0,공사,[영동선]반월터널(21K) (3차로)등기구보수작업중 3차로 차단  작업,126.887,37.3283
2021-05-25 22:35:23,20210525223523,2021-05-25 22:35:23,,0,공사,[중부내륙선]상주부근(151.5K)-북상주부근(155K) (1차로)콘크리트단면보수작업중 1차로 차단  작업,128.2007,36.4674
2021-05-25 22:35:52,20210525223552,2021-05-25 22:35:52,,0,공사,[중부내륙선]상주부근(151.5K)-북상주부근(155K) (1차로)신축이음설치작업중 1차로 차단  작업,128.2007,36.4674
2021-05-25 23:02:10,20210525230210,2021-05-25 23:02:10,,0,공사,[중부내륙선]선산(휴)부근(129K)-상주터널부근(131.6K) (1차로)교통안전시설물설치및응력완화줄눈설치작업중 1차로 차단  작업,128.2392,36.2848
2021-05-25 23:42:37,20210525234237,2021-05-25 23:42:37,,0,공사,[경부선]수원(392.5K) (진출로1,2차로)노면보수작업중 1,2차로 차단  작업,127.1038,37.2687
2021-05-25 23:59:20,20210525235920,2021-05-25 23:59:20,,1,사고,[경부선]죽암(휴)(288K)-남이분기점(300K) (3,4차로)오토바이주의 3,4차로 차단  장애물,127.4302,36.4887
